/*--------------------------------*- C++ -*----------------------------------*\
| =========                 |                                                 |
| \\      /  F ield         | OpenFOAM: The Open Source CFD Toolbox           |
|  \\    /   O peration     | Version:  2.4.0                                 |
|   \\  /    A nd           | Web:      www.OpenFOAM.org                      |
|    \\/     M anipulation  |                                                 |
\*---------------------------------------------------------------------------*/
FoamFile
{
    version     2.0;
    format      ascii;
    class       faceSet;
    location    "constant/region2d/polyMesh/sets";
    object      facesrightIn2d;
}
// * * * * * * * * * * * * * * * * * * * * * * * * * * * * * * * * * * * * * //


200
(
75900 
75901 
75902 
75903 
75904 
75905 
75906 
75907 
75908 
75909 
75910 
75911 
75912 
75913 
75914 
75915 
75916 
75917 
75918 
75919 
75920 
75921 
75922 
75923 
75924 
75925 
75926 
75927 
75928 
75929 
75930 
75931 
75932 
75933 
75934 
75935 
75936 
75937 
75938 
75939 
75940 
75941 
75942 
75943 
75944 
75945 
75946 
75947 
75948 
75949 
75950 
75951 
75952 
75953 
75954 
75955 
75956 
75957 
75958 
75959 
75960 
75961 
75962 
75963 
75964 
75965 
75966 
75967 
75968 
75969 
75970 
75971 
75972 
75973 
75974 
75975 
75976 
75977 
75978 
75979 
75980 
75981 
75982 
75983 
75984 
75985 
75986 
75987 
75988 
75989 
75990 
75991 
75992 
75993 
75994 
75995 
75996 
75997 
75998 
75999 
76000 
76001 
76002 
76003 
76004 
76005 
76006 
76007 
76008 
76009 
76010 
76011 
76012 
76013 
76014 
76015 
76016 
76017 
76018 
76019 
76020 
76021 
76022 
76023 
76024 
76025 
76026 
76027 
76028 
76029 
76030 
76031 
76032 
76033 
76034 
76035 
76036 
76037 
76038 
76039 
76040 
76041 
76042 
76043 
76044 
76045 
76046 
76047 
76048 
76049 
76050 
76051 
76052 
76053 
76054 
76055 
76056 
76057 
76058 
76059 
76060 
76061 
76062 
76063 
76064 
76065 
76066 
76067 
76068 
76069 
76070 
76071 
76072 
76073 
76074 
76075 
76076 
76077 
76078 
76079 
76080 
76081 
76082 
76083 
76084 
76085 
76086 
76087 
76088 
76089 
76090 
76091 
76092 
76093 
76094 
76095 
76096 
76097 
76098 
76099 
)

// ************************************************************************* //
