/*--------------------------------*- C++ -*----------------------------------*\
| =========                 |                                                 |
| \\      /  F ield         | OpenFOAM: The Open Source CFD Toolbox           |
|  \\    /   O peration     | Version:  2.4.0                                 |
|   \\  /    A nd           | Web:      www.OpenFOAM.org                      |
|    \\/     M anipulation  |                                                 |
\*---------------------------------------------------------------------------*/
FoamFile
{
    version     2.0;
    format      ascii;
    class       volVectorField;
    location    "0/region2d";
    object      HU;
}
// * * * * * * * * * * * * * * * * * * * * * * * * * * * * * * * * * * * * * //

dimensions      [0 2 -1 0 0 0 0];

internalField   nonuniform List<vector> 
400
(
(2.48512 0 0)
(2.48509 0 0)
(2.48508 0 0)
(2.48508 0 0)
(2.48508 0 0)
(2.48508 0 0)
(2.48508 0 0)
(2.48509 0 0)
(2.48509 0 0)
(2.48509 0 0)
(2.4851 0 0)
(2.4851 0 0)
(2.4851 0 0)
(2.48511 0 0)
(2.48511 0 0)
(2.48511 0 0)
(2.48511 0 0)
(2.48512 0 0)
(2.48512 0 0)
(2.48512 0 0)
(2.48513 0 0)
(2.48513 0 0)
(2.48513 0 0)
(2.48513 0 0)
(2.48514 0 0)
(2.48514 0 0)
(2.48514 0 0)
(2.48514 0 0)
(2.48515 0 0)
(2.48515 0 0)
(2.48515 0 0)
(2.48515 0 0)
(2.48516 0 0)
(2.48516 0 0)
(2.48516 0 0)
(2.48516 0 0)
(2.48517 0 0)
(2.48517 0 0)
(2.48517 0 0)
(2.48517 0 0)
(2.48518 0 0)
(2.48518 0 0)
(2.48518 0 0)
(2.48518 0 0)
(2.48518 0 0)
(2.48519 0 0)
(2.48519 0 0)
(2.48519 0 0)
(2.48519 0 0)
(2.48519 0 0)
(2.4852 0 0)
(2.4852 0 0)
(2.4852 0 0)
(2.4852 0 0)
(2.4852 0 0)
(2.48521 0 0)
(2.48521 0 0)
(2.48521 0 0)
(2.48521 0 0)
(2.48521 0 0)
(2.48521 0 0)
(2.48522 0 0)
(2.48522 0 0)
(2.48522 0 0)
(2.48522 0 0)
(2.48522 0 0)
(2.48522 0 0)
(2.48523 0 0)
(2.48523 0 0)
(2.48523 0 0)
(2.48523 0 0)
(2.48523 0 0)
(2.48523 0 0)
(2.48524 0 0)
(2.48524 0 0)
(2.48524 0 0)
(2.48524 0 0)
(2.48524 0 0)
(2.48524 0 0)
(2.48525 0 0)
(2.48525 0 0)
(2.48525 0 0)
(2.48525 0 0)
(2.48525 0 0)
(2.48525 0 0)
(2.48525 0 0)
(2.48526 0 0)
(2.48526 0 0)
(2.48526 0 0)
(2.48526 0 0)
(2.48526 0 0)
(2.48526 0 0)
(2.48526 0 0)
(2.48527 0 0)
(2.48527 0 0)
(2.48527 0 0)
(2.48527 0 0)
(2.48527 0 0)
(2.48527 0 0)
(2.48527 0 0)
(2.48527 0 0)
(2.48528 0 0)
(2.48528 0 0)
(2.48528 0 0)
(2.48528 0 0)
(2.48528 0 0)
(2.48528 0 0)
(2.48528 0 0)
(2.48528 0 0)
(2.48528 0 0)
(2.48529 0 0)
(2.48529 0 0)
(2.48529 0 0)
(2.48529 0 0)
(2.48529 0 0)
(2.48529 0 0)
(2.48529 0 0)
(2.48529 0 0)
(2.48529 0 0)
(2.4853 0 0)
(2.4853 0 0)
(2.4853 0 0)
(2.4853 0 0)
(2.4853 0 0)
(2.4853 0 0)
(2.4853 0 0)
(2.4853 0 0)
(2.4853 0 0)
(2.4853 0 0)
(2.4853 0 0)
(2.4853 0 0)
(2.48531 0 0)
(2.48531 0 0)
(2.48531 0 0)
(2.48531 0 0)
(2.48531 0 0)
(2.48531 0 0)
(2.48531 0 0)
(2.48531 0 0)
(2.48531 0 0)
(2.48531 0 0)
(2.48531 0 0)
(2.48531 0 0)
(2.48531 0 0)
(2.48531 0 0)
(2.48531 0 0)
(2.48531 0 0)
(2.48531 0 0)
(2.48532 0 0)
(2.48532 0 0)
(2.48532 0 0)
(2.48532 0 0)
(2.48532 0 0)
(2.48532 0 0)
(2.48532 0 0)
(2.48532 0 0)
(2.48532 0 0)
(2.48532 0 0)
(2.48532 0 0)
(2.48532 0 0)
(2.48532 0 0)
(2.48532 0 0)
(2.48532 0 0)
(2.48532 0 0)
(2.48532 0 0)
(2.48532 0 0)
(2.48532 0 0)
(2.48532 0 0)
(2.48532 0 0)
(2.48532 0 0)
(2.48532 0 0)
(2.48532 0 0)
(2.48532 0 0)
(2.48532 0 0)
(2.48532 0 0)
(2.48532 0 0)
(2.48532 0 0)
(2.48532 0 0)
(2.48532 0 0)
(2.48532 0 0)
(2.48532 0 0)
(2.48532 0 0)
(2.48532 0 0)
(2.48532 0 0)
(2.48532 0 0)
(2.48532 0 0)
(2.48532 0 0)
(2.48532 0 0)
(2.48532 0 0)
(2.48532 0 0)
(2.48531 0 0)
(2.48531 0 0)
(2.48531 0 0)
(2.48531 0 0)
(2.48531 0 0)
(2.48532 0 0)
(2.4853 0 0)
(2.48534 0 0)
(2.48524 0 0)
(2.48549 0 0)
(2.48512 0 0)
(2.48509 0 0)
(2.48508 0 0)
(2.48508 0 0)
(2.48508 0 0)
(2.48508 0 0)
(2.48508 0 0)
(2.48509 0 0)
(2.48509 0 0)
(2.48509 0 0)
(2.4851 0 0)
(2.4851 0 0)
(2.4851 0 0)
(2.48511 0 0)
(2.48511 0 0)
(2.48511 0 0)
(2.48511 0 0)
(2.48512 0 0)
(2.48512 0 0)
(2.48512 0 0)
(2.48513 0 0)
(2.48513 0 0)
(2.48513 0 0)
(2.48513 0 0)
(2.48514 0 0)
(2.48514 0 0)
(2.48514 0 0)
(2.48514 0 0)
(2.48515 0 0)
(2.48515 0 0)
(2.48515 0 0)
(2.48515 0 0)
(2.48516 0 0)
(2.48516 0 0)
(2.48516 0 0)
(2.48516 0 0)
(2.48517 0 0)
(2.48517 0 0)
(2.48517 0 0)
(2.48517 0 0)
(2.48518 0 0)
(2.48518 0 0)
(2.48518 0 0)
(2.48518 0 0)
(2.48518 0 0)
(2.48519 0 0)
(2.48519 0 0)
(2.48519 0 0)
(2.48519 0 0)
(2.48519 0 0)
(2.4852 0 0)
(2.4852 0 0)
(2.4852 0 0)
(2.4852 0 0)
(2.4852 0 0)
(2.48521 0 0)
(2.48521 0 0)
(2.48521 0 0)
(2.48521 0 0)
(2.48521 0 0)
(2.48521 0 0)
(2.48522 0 0)
(2.48522 0 0)
(2.48522 0 0)
(2.48522 0 0)
(2.48522 0 0)
(2.48522 0 0)
(2.48523 0 0)
(2.48523 0 0)
(2.48523 0 0)
(2.48523 0 0)
(2.48523 0 0)
(2.48523 0 0)
(2.48524 0 0)
(2.48524 0 0)
(2.48524 0 0)
(2.48524 0 0)
(2.48524 0 0)
(2.48524 0 0)
(2.48525 0 0)
(2.48525 0 0)
(2.48525 0 0)
(2.48525 0 0)
(2.48525 0 0)
(2.48525 0 0)
(2.48525 0 0)
(2.48526 0 0)
(2.48526 0 0)
(2.48526 0 0)
(2.48526 0 0)
(2.48526 0 0)
(2.48526 0 0)
(2.48526 0 0)
(2.48527 0 0)
(2.48527 0 0)
(2.48527 0 0)
(2.48527 0 0)
(2.48527 0 0)
(2.48527 0 0)
(2.48527 0 0)
(2.48527 0 0)
(2.48528 0 0)
(2.48528 0 0)
(2.48528 0 0)
(2.48528 0 0)
(2.48528 0 0)
(2.48528 0 0)
(2.48528 0 0)
(2.48528 0 0)
(2.48528 0 0)
(2.48529 0 0)
(2.48529 0 0)
(2.48529 0 0)
(2.48529 0 0)
(2.48529 0 0)
(2.48529 0 0)
(2.48529 0 0)
(2.48529 0 0)
(2.48529 0 0)
(2.4853 0 0)
(2.4853 0 0)
(2.4853 0 0)
(2.4853 0 0)
(2.4853 0 0)
(2.4853 0 0)
(2.4853 0 0)
(2.4853 0 0)
(2.4853 0 0)
(2.4853 0 0)
(2.4853 0 0)
(2.4853 0 0)
(2.48531 0 0)
(2.48531 0 0)
(2.48531 0 0)
(2.48531 0 0)
(2.48531 0 0)
(2.48531 0 0)
(2.48531 0 0)
(2.48531 0 0)
(2.48531 0 0)
(2.48531 0 0)
(2.48531 0 0)
(2.48531 0 0)
(2.48531 0 0)
(2.48531 0 0)
(2.48531 0 0)
(2.48531 0 0)
(2.48531 0 0)
(2.48532 0 0)
(2.48532 0 0)
(2.48532 0 0)
(2.48532 0 0)
(2.48532 0 0)
(2.48532 0 0)
(2.48532 0 0)
(2.48532 0 0)
(2.48532 0 0)
(2.48532 0 0)
(2.48532 0 0)
(2.48532 0 0)
(2.48532 0 0)
(2.48532 0 0)
(2.48532 0 0)
(2.48532 0 0)
(2.48532 0 0)
(2.48532 0 0)
(2.48532 0 0)
(2.48532 0 0)
(2.48532 0 0)
(2.48532 0 0)
(2.48532 0 0)
(2.48532 0 0)
(2.48532 0 0)
(2.48532 0 0)
(2.48532 0 0)
(2.48532 0 0)
(2.48532 0 0)
(2.48532 0 0)
(2.48532 0 0)
(2.48532 0 0)
(2.48532 0 0)
(2.48532 0 0)
(2.48532 0 0)
(2.48532 0 0)
(2.48532 0 0)
(2.48532 0 0)
(2.48532 0 0)
(2.48532 0 0)
(2.48532 0 0)
(2.48532 0 0)
(2.48531 0 0)
(2.48531 0 0)
(2.48531 0 0)
(2.48531 0 0)
(2.48531 0 0)
(2.48532 0 0)
(2.4853 0 0)
(2.48534 0 0)
(2.48524 0 0)
(2.48549 0 0)
)
;

boundaryField
{
    front2d
    {
        type            fixedValue;
        value           uniform (2.4852 0 0);
    }
    back2d
    {
        type            sifDischarge;
        refValue        uniform ( 2.4852 0 0 );
        refGradient     uniform ( 0 0 0 );
        valueFraction   uniform 0;
        neighbourFieldName alpha1;
        value           uniform (2.48549 0 0);
    }
    bottom2d
    {
        type            empty;
    }
    top2d
    {
        type            empty;
    }
    walls2d
    {
        type            empty;
    }
}


// ************************************************************************* //
