/*--------------------------------*- C++ -*----------------------------------*\
| =========                 |                                                 |
| \\      /  F ield         | OpenFOAM: The Open Source CFD Toolbox           |
|  \\    /   O peration     | Version:  2.4.0                                 |
|   \\  /    A nd           | Web:      www.OpenFOAM.org                      |
|    \\/     M anipulation  |                                                 |
\*---------------------------------------------------------------------------*/
FoamFile
{
    version     2.0;
    format      ascii;
    class       faceList;
    location    "constant/region2d/polyMesh";
    object      faces;
}
// * * * * * * * * * * * * * * * * * * * * * * * * * * * * * * * * * * * * * //


2001
(
4(1004 1404 1204 804)
4(1 403 604 202)
4(1005 1405 1205 805)
4(2 404 605 203)
4(1006 1406 1206 806)
4(3 405 606 204)
4(1007 1407 1207 807)
4(4 406 607 205)
4(1008 1408 1208 808)
4(5 407 608 206)
4(1009 1409 1209 809)
4(6 408 609 207)
4(1010 1410 1210 810)
4(7 409 610 208)
4(1011 1411 1211 811)
4(8 410 611 209)
4(1012 1412 1212 812)
4(9 411 612 210)
4(1013 1413 1213 813)
4(10 412 613 211)
4(1014 1414 1214 814)
4(11 413 614 212)
4(1015 1415 1215 815)
4(12 414 615 213)
4(1016 1416 1216 816)
4(13 415 616 214)
4(1017 1417 1217 817)
4(14 416 617 215)
4(1018 1418 1218 818)
4(15 417 618 216)
4(1019 1419 1219 819)
4(16 418 619 217)
4(1020 1420 1220 820)
4(17 419 620 218)
4(1021 1421 1221 821)
4(18 420 621 219)
4(1022 1422 1222 822)
4(19 421 622 220)
4(1023 1423 1223 823)
4(20 422 623 221)
4(1024 1424 1224 824)
4(21 423 624 222)
4(1025 1425 1225 825)
4(22 424 625 223)
4(1026 1426 1226 826)
4(23 425 626 224)
4(1027 1427 1227 827)
4(24 426 627 225)
4(1028 1428 1228 828)
4(25 427 628 226)
4(1029 1429 1229 829)
4(26 428 629 227)
4(1030 1430 1230 830)
4(27 429 630 228)
4(1031 1431 1231 831)
4(28 430 631 229)
4(1032 1432 1232 832)
4(29 431 632 230)
4(1033 1433 1233 833)
4(30 432 633 231)
4(1034 1434 1234 834)
4(31 433 634 232)
4(1035 1435 1235 835)
4(32 434 635 233)
4(1036 1436 1236 836)
4(33 435 636 234)
4(1037 1437 1237 837)
4(34 436 637 235)
4(1038 1438 1238 838)
4(35 437 638 236)
4(1039 1439 1239 839)
4(36 438 639 237)
4(1040 1440 1240 840)
4(37 439 640 238)
4(1041 1441 1241 841)
4(38 440 641 239)
4(1042 1442 1242 842)
4(39 441 642 240)
4(1043 1443 1243 843)
4(40 442 643 241)
4(1044 1444 1244 844)
4(41 443 644 242)
4(1045 1445 1245 845)
4(42 444 645 243)
4(1046 1446 1246 846)
4(43 445 646 244)
4(1047 1447 1247 847)
4(44 446 647 245)
4(1048 1448 1248 848)
4(45 447 648 246)
4(1049 1449 1249 849)
4(46 448 649 247)
4(1050 1450 1250 850)
4(47 449 650 248)
4(1051 1451 1251 851)
4(48 450 651 249)
4(1052 1452 1252 852)
4(49 451 652 250)
4(1053 1453 1253 853)
4(50 452 653 251)
4(1054 1454 1254 854)
4(51 453 654 252)
4(1055 1455 1255 855)
4(52 454 655 253)
4(1056 1456 1256 856)
4(53 455 656 254)
4(1057 1457 1257 857)
4(54 456 657 255)
4(1058 1458 1258 858)
4(55 457 658 256)
4(1059 1459 1259 859)
4(56 458 659 257)
4(1060 1460 1260 860)
4(57 459 660 258)
4(1061 1461 1261 861)
4(58 460 661 259)
4(1062 1462 1262 862)
4(59 461 662 260)
4(1063 1463 1263 863)
4(60 462 663 261)
4(1064 1464 1264 864)
4(61 463 664 262)
4(1065 1465 1265 865)
4(62 464 665 263)
4(1066 1466 1266 866)
4(63 465 666 264)
4(1067 1467 1267 867)
4(64 466 667 265)
4(1068 1468 1268 868)
4(65 467 668 266)
4(1069 1469 1269 869)
4(66 468 669 267)
4(1070 1470 1270 870)
4(67 469 670 268)
4(1071 1471 1271 871)
4(68 470 671 269)
4(1072 1472 1272 872)
4(69 471 672 270)
4(1073 1473 1273 873)
4(70 472 673 271)
4(1074 1474 1274 874)
4(71 473 674 272)
4(1075 1475 1275 875)
4(72 474 675 273)
4(1076 1476 1276 876)
4(73 475 676 274)
4(1077 1477 1277 877)
4(74 476 677 275)
4(1078 1478 1278 878)
4(75 477 678 276)
4(1079 1479 1279 879)
4(76 478 679 277)
4(1080 1480 1280 880)
4(77 479 680 278)
4(1081 1481 1281 881)
4(78 480 681 279)
4(1082 1482 1282 882)
4(79 481 682 280)
4(1083 1483 1283 883)
4(80 482 683 281)
4(1084 1484 1284 884)
4(81 483 684 282)
4(1085 1485 1285 885)
4(82 484 685 283)
4(1086 1486 1286 886)
4(83 485 686 284)
4(1087 1487 1287 887)
4(84 486 687 285)
4(1088 1488 1288 888)
4(85 487 688 286)
4(1089 1489 1289 889)
4(86 488 689 287)
4(1090 1490 1290 890)
4(87 489 690 288)
4(1091 1491 1291 891)
4(88 490 691 289)
4(1092 1492 1292 892)
4(89 491 692 290)
4(1093 1493 1293 893)
4(90 492 693 291)
4(1094 1494 1294 894)
4(91 493 694 292)
4(1095 1495 1295 895)
4(92 494 695 293)
4(1096 1496 1296 896)
4(93 495 696 294)
4(1097 1497 1297 897)
4(94 496 697 295)
4(1098 1498 1298 898)
4(95 497 698 296)
4(1099 1499 1299 899)
4(96 498 699 297)
4(1100 1500 1300 900)
4(97 499 700 298)
4(1101 1501 1301 901)
4(98 500 701 299)
4(1102 1502 1302 902)
4(99 501 702 300)
4(1103 1503 1303 903)
4(100 502 703 301)
4(1104 1504 1304 904)
4(101 503 704 302)
4(1105 1505 1305 905)
4(102 504 705 303)
4(1106 1506 1306 906)
4(103 505 706 304)
4(1107 1507 1307 907)
4(104 506 707 305)
4(1108 1508 1308 908)
4(105 507 708 306)
4(1109 1509 1309 909)
4(106 508 709 307)
4(1110 1510 1310 910)
4(107 509 710 308)
4(1111 1511 1311 911)
4(108 510 711 309)
4(1112 1512 1312 912)
4(109 511 712 310)
4(1113 1513 1313 913)
4(110 512 713 311)
4(1114 1514 1314 914)
4(111 513 714 312)
4(1115 1515 1315 915)
4(112 514 715 313)
4(1116 1516 1316 916)
4(113 515 716 314)
4(1117 1517 1317 917)
4(114 516 717 315)
4(1118 1518 1318 918)
4(115 517 718 316)
4(1119 1519 1319 919)
4(116 518 719 317)
4(1120 1520 1320 920)
4(117 519 720 318)
4(1121 1521 1321 921)
4(118 520 721 319)
4(1122 1522 1322 922)
4(119 521 722 320)
4(1123 1523 1323 923)
4(120 522 723 321)
4(1124 1524 1324 924)
4(121 523 724 322)
4(1125 1525 1325 925)
4(122 524 725 323)
4(1126 1526 1326 926)
4(123 525 726 324)
4(1127 1527 1327 927)
4(124 526 727 325)
4(1128 1528 1328 928)
4(125 527 728 326)
4(1129 1529 1329 929)
4(126 528 729 327)
4(1130 1530 1330 930)
4(127 529 730 328)
4(1131 1531 1331 931)
4(128 530 731 329)
4(1132 1532 1332 932)
4(129 531 732 330)
4(1133 1533 1333 933)
4(130 532 733 331)
4(1134 1534 1334 934)
4(131 533 734 332)
4(1135 1535 1335 935)
4(132 534 735 333)
4(1136 1536 1336 936)
4(133 535 736 334)
4(1137 1537 1337 937)
4(134 536 737 335)
4(1138 1538 1338 938)
4(135 537 738 336)
4(1139 1539 1339 939)
4(136 538 739 337)
4(1140 1540 1340 940)
4(137 539 740 338)
4(1141 1541 1341 941)
4(138 540 741 339)
4(1142 1542 1342 942)
4(139 541 742 340)
4(1143 1543 1343 943)
4(140 542 743 341)
4(1144 1544 1344 944)
4(141 543 744 342)
4(1145 1545 1345 945)
4(142 544 745 343)
4(1146 1546 1346 946)
4(143 545 746 344)
4(1147 1547 1347 947)
4(144 546 747 345)
4(1148 1548 1348 948)
4(145 547 748 346)
4(1149 1549 1349 949)
4(146 548 749 347)
4(1150 1550 1350 950)
4(147 549 750 348)
4(1151 1551 1351 951)
4(148 550 751 349)
4(1152 1552 1352 952)
4(149 551 752 350)
4(1153 1553 1353 953)
4(150 552 753 351)
4(1154 1554 1354 954)
4(151 553 754 352)
4(1155 1555 1355 955)
4(152 554 755 353)
4(1156 1556 1356 956)
4(153 555 756 354)
4(1157 1557 1357 957)
4(154 556 757 355)
4(1158 1558 1358 958)
4(155 557 758 356)
4(1159 1559 1359 959)
4(156 558 759 357)
4(1160 1560 1360 960)
4(157 559 760 358)
4(1161 1561 1361 961)
4(158 560 761 359)
4(1162 1562 1362 962)
4(159 561 762 360)
4(1163 1563 1363 963)
4(160 562 763 361)
4(1164 1564 1364 964)
4(161 563 764 362)
4(1165 1565 1365 965)
4(162 564 765 363)
4(1166 1566 1366 966)
4(163 565 766 364)
4(1167 1567 1367 967)
4(164 566 767 365)
4(1168 1568 1368 968)
4(165 567 768 366)
4(1169 1569 1369 969)
4(166 568 769 367)
4(1170 1570 1370 970)
4(167 569 770 368)
4(1171 1571 1371 971)
4(168 570 771 369)
4(1172 1572 1372 972)
4(169 571 772 370)
4(1173 1573 1373 973)
4(170 572 773 371)
4(1174 1574 1374 974)
4(171 573 774 372)
4(1175 1575 1375 975)
4(172 574 775 373)
4(1176 1576 1376 976)
4(173 575 776 374)
4(1177 1577 1377 977)
4(174 576 777 375)
4(1178 1578 1378 978)
4(175 577 778 376)
4(1179 1579 1379 979)
4(176 578 779 377)
4(1180 1580 1380 980)
4(177 579 780 378)
4(1181 1581 1381 981)
4(178 580 781 379)
4(1182 1582 1382 982)
4(179 581 782 380)
4(1183 1583 1383 983)
4(180 582 783 381)
4(1184 1584 1384 984)
4(181 583 784 382)
4(1185 1585 1385 985)
4(182 584 785 383)
4(1186 1586 1386 986)
4(183 585 786 384)
4(1187 1587 1387 987)
4(184 586 787 385)
4(1188 1588 1388 988)
4(185 587 788 386)
4(1189 1589 1389 989)
4(186 588 789 387)
4(1190 1590 1390 990)
4(187 589 790 388)
4(1191 1591 1391 991)
4(188 590 791 389)
4(1192 1592 1392 992)
4(189 591 792 390)
4(1193 1593 1393 993)
4(190 592 793 391)
4(1194 1594 1394 994)
4(191 593 794 392)
4(1195 1595 1395 995)
4(192 594 795 393)
4(1196 1596 1396 996)
4(193 595 796 394)
4(1197 1597 1397 997)
4(194 596 797 395)
4(1198 1598 1398 998)
4(195 597 798 396)
4(1199 1599 1399 999)
4(196 598 799 397)
4(1200 1600 1400 1000)
4(197 599 800 398)
4(1201 1601 1401 1001)
4(198 600 801 399)
4(1202 1602 1402 1002)
4(199 601 802 400)
4(1203 1603 1403 1003)
4(0 402 603 201)
4(200 401 803 602)
4(1004 202 1 804)
4(1005 203 2 805)
4(1006 204 3 806)
4(1007 205 4 807)
4(1008 206 5 808)
4(1009 207 6 809)
4(1010 208 7 810)
4(1011 209 8 811)
4(1012 210 9 812)
4(1013 211 10 813)
4(1014 212 11 814)
4(1015 213 12 815)
4(1016 214 13 816)
4(1017 215 14 817)
4(1018 216 15 818)
4(1019 217 16 819)
4(1020 218 17 820)
4(1021 219 18 821)
4(1022 220 19 822)
4(1023 221 20 823)
4(1024 222 21 824)
4(1025 223 22 825)
4(1026 224 23 826)
4(1027 225 24 827)
4(1028 226 25 828)
4(1029 227 26 829)
4(1030 228 27 830)
4(1031 229 28 831)
4(1032 230 29 832)
4(1033 231 30 833)
4(1034 232 31 834)
4(1035 233 32 835)
4(1036 234 33 836)
4(1037 235 34 837)
4(1038 236 35 838)
4(1039 237 36 839)
4(1040 238 37 840)
4(1041 239 38 841)
4(1042 240 39 842)
4(1043 241 40 843)
4(1044 242 41 844)
4(1045 243 42 845)
4(1046 244 43 846)
4(1047 245 44 847)
4(1048 246 45 848)
4(1049 247 46 849)
4(1050 248 47 850)
4(1051 249 48 851)
4(1052 250 49 852)
4(1053 251 50 853)
4(1054 252 51 854)
4(1055 253 52 855)
4(1056 254 53 856)
4(1057 255 54 857)
4(1058 256 55 858)
4(1059 257 56 859)
4(1060 258 57 860)
4(1061 259 58 861)
4(1062 260 59 862)
4(1063 261 60 863)
4(1064 262 61 864)
4(1065 263 62 865)
4(1066 264 63 866)
4(1067 265 64 867)
4(1068 266 65 868)
4(1069 267 66 869)
4(1070 268 67 870)
4(1071 269 68 871)
4(1072 270 69 872)
4(1073 271 70 873)
4(1074 272 71 874)
4(1075 273 72 875)
4(1076 274 73 876)
4(1077 275 74 877)
4(1078 276 75 878)
4(1079 277 76 879)
4(1080 278 77 880)
4(1081 279 78 881)
4(1082 280 79 882)
4(1083 281 80 883)
4(1084 282 81 884)
4(1085 283 82 885)
4(1086 284 83 886)
4(1087 285 84 887)
4(1088 286 85 888)
4(1089 287 86 889)
4(1090 288 87 890)
4(1091 289 88 891)
4(1092 290 89 892)
4(1093 291 90 893)
4(1094 292 91 894)
4(1095 293 92 895)
4(1096 294 93 896)
4(1097 295 94 897)
4(1098 296 95 898)
4(1099 297 96 899)
4(1100 298 97 900)
4(1101 299 98 901)
4(1102 300 99 902)
4(1103 301 100 903)
4(1104 302 101 904)
4(1105 303 102 905)
4(1106 304 103 906)
4(1107 305 104 907)
4(1108 306 105 908)
4(1109 307 106 909)
4(1110 308 107 910)
4(1111 309 108 911)
4(1112 310 109 912)
4(1113 311 110 913)
4(1114 312 111 914)
4(1115 313 112 915)
4(1116 314 113 916)
4(1117 315 114 917)
4(1118 316 115 918)
4(1119 317 116 919)
4(1120 318 117 920)
4(1121 319 118 921)
4(1122 320 119 922)
4(1123 321 120 923)
4(1124 322 121 924)
4(1125 323 122 925)
4(1126 324 123 926)
4(1127 325 124 927)
4(1128 326 125 928)
4(1129 327 126 929)
4(1130 328 127 930)
4(1131 329 128 931)
4(1132 330 129 932)
4(1133 331 130 933)
4(1134 332 131 934)
4(1135 333 132 935)
4(1136 334 133 936)
4(1137 335 134 937)
4(1138 336 135 938)
4(1139 337 136 939)
4(1140 338 137 940)
4(1141 339 138 941)
4(1142 340 139 942)
4(1143 341 140 943)
4(1144 342 141 944)
4(1145 343 142 945)
4(1146 344 143 946)
4(1147 345 144 947)
4(1148 346 145 948)
4(1149 347 146 949)
4(1150 348 147 950)
4(1151 349 148 951)
4(1152 350 149 952)
4(1153 351 150 953)
4(1154 352 151 954)
4(1155 353 152 955)
4(1156 354 153 956)
4(1157 355 154 957)
4(1158 356 155 958)
4(1159 357 156 959)
4(1160 358 157 960)
4(1161 359 158 961)
4(1162 360 159 962)
4(1163 361 160 963)
4(1164 362 161 964)
4(1165 363 162 965)
4(1166 364 163 966)
4(1167 365 164 967)
4(1168 366 165 968)
4(1169 367 166 969)
4(1170 368 167 970)
4(1171 369 168 971)
4(1172 370 169 972)
4(1173 371 170 973)
4(1174 372 171 974)
4(1175 373 172 975)
4(1176 374 173 976)
4(1177 375 174 977)
4(1178 376 175 978)
4(1179 377 176 979)
4(1180 378 177 980)
4(1181 379 178 981)
4(1182 380 179 982)
4(1183 381 180 983)
4(1184 382 181 984)
4(1185 383 182 985)
4(1186 384 183 986)
4(1187 385 184 987)
4(1188 386 185 988)
4(1189 387 186 989)
4(1190 388 187 990)
4(1191 389 188 991)
4(1192 390 189 992)
4(1193 391 190 993)
4(1194 392 191 994)
4(1195 393 192 995)
4(1196 394 193 996)
4(1197 395 194 997)
4(1198 396 195 998)
4(1199 397 196 999)
4(1200 398 197 1000)
4(1201 399 198 1001)
4(1202 400 199 1002)
4(1203 401 200 1003)
4(804 0 201 1004)
4(805 1 202 1005)
4(806 2 203 1006)
4(807 3 204 1007)
4(808 4 205 1008)
4(809 5 206 1009)
4(810 6 207 1010)
4(811 7 208 1011)
4(812 8 209 1012)
4(813 9 210 1013)
4(814 10 211 1014)
4(815 11 212 1015)
4(816 12 213 1016)
4(817 13 214 1017)
4(818 14 215 1018)
4(819 15 216 1019)
4(820 16 217 1020)
4(821 17 218 1021)
4(822 18 219 1022)
4(823 19 220 1023)
4(824 20 221 1024)
4(825 21 222 1025)
4(826 22 223 1026)
4(827 23 224 1027)
4(828 24 225 1028)
4(829 25 226 1029)
4(830 26 227 1030)
4(831 27 228 1031)
4(832 28 229 1032)
4(833 29 230 1033)
4(834 30 231 1034)
4(835 31 232 1035)
4(836 32 233 1036)
4(837 33 234 1037)
4(838 34 235 1038)
4(839 35 236 1039)
4(840 36 237 1040)
4(841 37 238 1041)
4(842 38 239 1042)
4(843 39 240 1043)
4(844 40 241 1044)
4(845 41 242 1045)
4(846 42 243 1046)
4(847 43 244 1047)
4(848 44 245 1048)
4(849 45 246 1049)
4(850 46 247 1050)
4(851 47 248 1051)
4(852 48 249 1052)
4(853 49 250 1053)
4(854 50 251 1054)
4(855 51 252 1055)
4(856 52 253 1056)
4(857 53 254 1057)
4(858 54 255 1058)
4(859 55 256 1059)
4(860 56 257 1060)
4(861 57 258 1061)
4(862 58 259 1062)
4(863 59 260 1063)
4(864 60 261 1064)
4(865 61 262 1065)
4(866 62 263 1066)
4(867 63 264 1067)
4(868 64 265 1068)
4(869 65 266 1069)
4(870 66 267 1070)
4(871 67 268 1071)
4(872 68 269 1072)
4(873 69 270 1073)
4(874 70 271 1074)
4(875 71 272 1075)
4(876 72 273 1076)
4(877 73 274 1077)
4(878 74 275 1078)
4(879 75 276 1079)
4(880 76 277 1080)
4(881 77 278 1081)
4(882 78 279 1082)
4(883 79 280 1083)
4(884 80 281 1084)
4(885 81 282 1085)
4(886 82 283 1086)
4(887 83 284 1087)
4(888 84 285 1088)
4(889 85 286 1089)
4(890 86 287 1090)
4(891 87 288 1091)
4(892 88 289 1092)
4(893 89 290 1093)
4(894 90 291 1094)
4(895 91 292 1095)
4(896 92 293 1096)
4(897 93 294 1097)
4(898 94 295 1098)
4(899 95 296 1099)
4(900 96 297 1100)
4(901 97 298 1101)
4(902 98 299 1102)
4(903 99 300 1103)
4(904 100 301 1104)
4(905 101 302 1105)
4(906 102 303 1106)
4(907 103 304 1107)
4(908 104 305 1108)
4(909 105 306 1109)
4(910 106 307 1110)
4(911 107 308 1111)
4(912 108 309 1112)
4(913 109 310 1113)
4(914 110 311 1114)
4(915 111 312 1115)
4(916 112 313 1116)
4(917 113 314 1117)
4(918 114 315 1118)
4(919 115 316 1119)
4(920 116 317 1120)
4(921 117 318 1121)
4(922 118 319 1122)
4(923 119 320 1123)
4(924 120 321 1124)
4(925 121 322 1125)
4(926 122 323 1126)
4(927 123 324 1127)
4(928 124 325 1128)
4(929 125 326 1129)
4(930 126 327 1130)
4(931 127 328 1131)
4(932 128 329 1132)
4(933 129 330 1133)
4(934 130 331 1134)
4(935 131 332 1135)
4(936 132 333 1136)
4(937 133 334 1137)
4(938 134 335 1138)
4(939 135 336 1139)
4(940 136 337 1140)
4(941 137 338 1141)
4(942 138 339 1142)
4(943 139 340 1143)
4(944 140 341 1144)
4(945 141 342 1145)
4(946 142 343 1146)
4(947 143 344 1147)
4(948 144 345 1148)
4(949 145 346 1149)
4(950 146 347 1150)
4(951 147 348 1151)
4(952 148 349 1152)
4(953 149 350 1153)
4(954 150 351 1154)
4(955 151 352 1155)
4(956 152 353 1156)
4(957 153 354 1157)
4(958 154 355 1158)
4(959 155 356 1159)
4(960 156 357 1160)
4(961 157 358 1161)
4(962 158 359 1162)
4(963 159 360 1163)
4(964 160 361 1164)
4(965 161 362 1165)
4(966 162 363 1166)
4(967 163 364 1167)
4(968 164 365 1168)
4(969 165 366 1169)
4(970 166 367 1170)
4(971 167 368 1171)
4(972 168 369 1172)
4(973 169 370 1173)
4(974 170 371 1174)
4(975 171 372 1175)
4(976 172 373 1176)
4(977 173 374 1177)
4(978 174 375 1178)
4(979 175 376 1179)
4(980 176 377 1180)
4(981 177 378 1181)
4(982 178 379 1182)
4(983 179 380 1183)
4(984 180 381 1184)
4(985 181 382 1185)
4(986 182 383 1186)
4(987 183 384 1187)
4(988 184 385 1188)
4(989 185 386 1189)
4(990 186 387 1190)
4(991 187 388 1191)
4(992 188 389 1192)
4(993 189 390 1193)
4(994 190 391 1194)
4(995 191 392 1195)
4(996 192 393 1196)
4(997 193 394 1197)
4(998 194 395 1198)
4(999 195 396 1199)
4(1000 196 397 1200)
4(1001 197 398 1201)
4(1002 198 399 1202)
4(1003 199 400 1203)
4(1204 403 604 1404)
4(1205 404 605 1405)
4(1206 405 606 1406)
4(1207 406 607 1407)
4(1208 407 608 1408)
4(1209 408 609 1409)
4(1210 409 610 1410)
4(1211 410 611 1411)
4(1212 411 612 1412)
4(1213 412 613 1413)
4(1214 413 614 1414)
4(1215 414 615 1415)
4(1216 415 616 1416)
4(1217 416 617 1417)
4(1218 417 618 1418)
4(1219 418 619 1419)
4(1220 419 620 1420)
4(1221 420 621 1421)
4(1222 421 622 1422)
4(1223 422 623 1423)
4(1224 423 624 1424)
4(1225 424 625 1425)
4(1226 425 626 1426)
4(1227 426 627 1427)
4(1228 427 628 1428)
4(1229 428 629 1429)
4(1230 429 630 1430)
4(1231 430 631 1431)
4(1232 431 632 1432)
4(1233 432 633 1433)
4(1234 433 634 1434)
4(1235 434 635 1435)
4(1236 435 636 1436)
4(1237 436 637 1437)
4(1238 437 638 1438)
4(1239 438 639 1439)
4(1240 439 640 1440)
4(1241 440 641 1441)
4(1242 441 642 1442)
4(1243 442 643 1443)
4(1244 443 644 1444)
4(1245 444 645 1445)
4(1246 445 646 1446)
4(1247 446 647 1447)
4(1248 447 648 1448)
4(1249 448 649 1449)
4(1250 449 650 1450)
4(1251 450 651 1451)
4(1252 451 652 1452)
4(1253 452 653 1453)
4(1254 453 654 1454)
4(1255 454 655 1455)
4(1256 455 656 1456)
4(1257 456 657 1457)
4(1258 457 658 1458)
4(1259 458 659 1459)
4(1260 459 660 1460)
4(1261 460 661 1461)
4(1262 461 662 1462)
4(1263 462 663 1463)
4(1264 463 664 1464)
4(1265 464 665 1465)
4(1266 465 666 1466)
4(1267 466 667 1467)
4(1268 467 668 1468)
4(1269 468 669 1469)
4(1270 469 670 1470)
4(1271 470 671 1471)
4(1272 471 672 1472)
4(1273 472 673 1473)
4(1274 473 674 1474)
4(1275 474 675 1475)
4(1276 475 676 1476)
4(1277 476 677 1477)
4(1278 477 678 1478)
4(1279 478 679 1479)
4(1280 479 680 1480)
4(1281 480 681 1481)
4(1282 481 682 1482)
4(1283 482 683 1483)
4(1284 483 684 1484)
4(1285 484 685 1485)
4(1286 485 686 1486)
4(1287 486 687 1487)
4(1288 487 688 1488)
4(1289 488 689 1489)
4(1290 489 690 1490)
4(1291 490 691 1491)
4(1292 491 692 1492)
4(1293 492 693 1493)
4(1294 493 694 1494)
4(1295 494 695 1495)
4(1296 495 696 1496)
4(1297 496 697 1497)
4(1298 497 698 1498)
4(1299 498 699 1499)
4(1300 499 700 1500)
4(1301 500 701 1501)
4(1302 501 702 1502)
4(1303 502 703 1503)
4(1304 503 704 1504)
4(1305 504 705 1505)
4(1306 505 706 1506)
4(1307 506 707 1507)
4(1308 507 708 1508)
4(1309 508 709 1509)
4(1310 509 710 1510)
4(1311 510 711 1511)
4(1312 511 712 1512)
4(1313 512 713 1513)
4(1314 513 714 1514)
4(1315 514 715 1515)
4(1316 515 716 1516)
4(1317 516 717 1517)
4(1318 517 718 1518)
4(1319 518 719 1519)
4(1320 519 720 1520)
4(1321 520 721 1521)
4(1322 521 722 1522)
4(1323 522 723 1523)
4(1324 523 724 1524)
4(1325 524 725 1525)
4(1326 525 726 1526)
4(1327 526 727 1527)
4(1328 527 728 1528)
4(1329 528 729 1529)
4(1330 529 730 1530)
4(1331 530 731 1531)
4(1332 531 732 1532)
4(1333 532 733 1533)
4(1334 533 734 1534)
4(1335 534 735 1535)
4(1336 535 736 1536)
4(1337 536 737 1537)
4(1338 537 738 1538)
4(1339 538 739 1539)
4(1340 539 740 1540)
4(1341 540 741 1541)
4(1342 541 742 1542)
4(1343 542 743 1543)
4(1344 543 744 1544)
4(1345 544 745 1545)
4(1346 545 746 1546)
4(1347 546 747 1547)
4(1348 547 748 1548)
4(1349 548 749 1549)
4(1350 549 750 1550)
4(1351 550 751 1551)
4(1352 551 752 1552)
4(1353 552 753 1553)
4(1354 553 754 1554)
4(1355 554 755 1555)
4(1356 555 756 1556)
4(1357 556 757 1557)
4(1358 557 758 1558)
4(1359 558 759 1559)
4(1360 559 760 1560)
4(1361 560 761 1561)
4(1362 561 762 1562)
4(1363 562 763 1563)
4(1364 563 764 1564)
4(1365 564 765 1565)
4(1366 565 766 1566)
4(1367 566 767 1567)
4(1368 567 768 1568)
4(1369 568 769 1569)
4(1370 569 770 1570)
4(1371 570 771 1571)
4(1372 571 772 1572)
4(1373 572 773 1573)
4(1374 573 774 1574)
4(1375 574 775 1575)
4(1376 575 776 1576)
4(1377 576 777 1577)
4(1378 577 778 1578)
4(1379 578 779 1579)
4(1380 579 780 1580)
4(1381 580 781 1581)
4(1382 581 782 1582)
4(1383 582 783 1583)
4(1384 583 784 1584)
4(1385 584 785 1585)
4(1386 585 786 1586)
4(1387 586 787 1587)
4(1388 587 788 1588)
4(1389 588 789 1589)
4(1390 589 790 1590)
4(1391 590 791 1591)
4(1392 591 792 1592)
4(1393 592 793 1593)
4(1394 593 794 1594)
4(1395 594 795 1595)
4(1396 595 796 1596)
4(1397 596 797 1597)
4(1398 597 798 1598)
4(1399 598 799 1599)
4(1400 599 800 1600)
4(1401 600 801 1601)
4(1402 601 802 1602)
4(1403 602 803 1603)
4(1404 603 402 1204)
4(1405 604 403 1205)
4(1406 605 404 1206)
4(1407 606 405 1207)
4(1408 607 406 1208)
4(1409 608 407 1209)
4(1410 609 408 1210)
4(1411 610 409 1211)
4(1412 611 410 1212)
4(1413 612 411 1213)
4(1414 613 412 1214)
4(1415 614 413 1215)
4(1416 615 414 1216)
4(1417 616 415 1217)
4(1418 617 416 1218)
4(1419 618 417 1219)
4(1420 619 418 1220)
4(1421 620 419 1221)
4(1422 621 420 1222)
4(1423 622 421 1223)
4(1424 623 422 1224)
4(1425 624 423 1225)
4(1426 625 424 1226)
4(1427 626 425 1227)
4(1428 627 426 1228)
4(1429 628 427 1229)
4(1430 629 428 1230)
4(1431 630 429 1231)
4(1432 631 430 1232)
4(1433 632 431 1233)
4(1434 633 432 1234)
4(1435 634 433 1235)
4(1436 635 434 1236)
4(1437 636 435 1237)
4(1438 637 436 1238)
4(1439 638 437 1239)
4(1440 639 438 1240)
4(1441 640 439 1241)
4(1442 641 440 1242)
4(1443 642 441 1243)
4(1444 643 442 1244)
4(1445 644 443 1245)
4(1446 645 444 1246)
4(1447 646 445 1247)
4(1448 647 446 1248)
4(1449 648 447 1249)
4(1450 649 448 1250)
4(1451 650 449 1251)
4(1452 651 450 1252)
4(1453 652 451 1253)
4(1454 653 452 1254)
4(1455 654 453 1255)
4(1456 655 454 1256)
4(1457 656 455 1257)
4(1458 657 456 1258)
4(1459 658 457 1259)
4(1460 659 458 1260)
4(1461 660 459 1261)
4(1462 661 460 1262)
4(1463 662 461 1263)
4(1464 663 462 1264)
4(1465 664 463 1265)
4(1466 665 464 1266)
4(1467 666 465 1267)
4(1468 667 466 1268)
4(1469 668 467 1269)
4(1470 669 468 1270)
4(1471 670 469 1271)
4(1472 671 470 1272)
4(1473 672 471 1273)
4(1474 673 472 1274)
4(1475 674 473 1275)
4(1476 675 474 1276)
4(1477 676 475 1277)
4(1478 677 476 1278)
4(1479 678 477 1279)
4(1480 679 478 1280)
4(1481 680 479 1281)
4(1482 681 480 1282)
4(1483 682 481 1283)
4(1484 683 482 1284)
4(1485 684 483 1285)
4(1486 685 484 1286)
4(1487 686 485 1287)
4(1488 687 486 1288)
4(1489 688 487 1289)
4(1490 689 488 1290)
4(1491 690 489 1291)
4(1492 691 490 1292)
4(1493 692 491 1293)
4(1494 693 492 1294)
4(1495 694 493 1295)
4(1496 695 494 1296)
4(1497 696 495 1297)
4(1498 697 496 1298)
4(1499 698 497 1299)
4(1500 699 498 1300)
4(1501 700 499 1301)
4(1502 701 500 1302)
4(1503 702 501 1303)
4(1504 703 502 1304)
4(1505 704 503 1305)
4(1506 705 504 1306)
4(1507 706 505 1307)
4(1508 707 506 1308)
4(1509 708 507 1309)
4(1510 709 508 1310)
4(1511 710 509 1311)
4(1512 711 510 1312)
4(1513 712 511 1313)
4(1514 713 512 1314)
4(1515 714 513 1315)
4(1516 715 514 1316)
4(1517 716 515 1317)
4(1518 717 516 1318)
4(1519 718 517 1319)
4(1520 719 518 1320)
4(1521 720 519 1321)
4(1522 721 520 1322)
4(1523 722 521 1323)
4(1524 723 522 1324)
4(1525 724 523 1325)
4(1526 725 524 1326)
4(1527 726 525 1327)
4(1528 727 526 1328)
4(1529 728 527 1329)
4(1530 729 528 1330)
4(1531 730 529 1331)
4(1532 731 530 1332)
4(1533 732 531 1333)
4(1534 733 532 1334)
4(1535 734 533 1335)
4(1536 735 534 1336)
4(1537 736 535 1337)
4(1538 737 536 1338)
4(1539 738 537 1339)
4(1540 739 538 1340)
4(1541 740 539 1341)
4(1542 741 540 1342)
4(1543 742 541 1343)
4(1544 743 542 1344)
4(1545 744 543 1345)
4(1546 745 544 1346)
4(1547 746 545 1347)
4(1548 747 546 1348)
4(1549 748 547 1349)
4(1550 749 548 1350)
4(1551 750 549 1351)
4(1552 751 550 1352)
4(1553 752 551 1353)
4(1554 753 552 1354)
4(1555 754 553 1355)
4(1556 755 554 1356)
4(1557 756 555 1357)
4(1558 757 556 1358)
4(1559 758 557 1359)
4(1560 759 558 1360)
4(1561 760 559 1361)
4(1562 761 560 1362)
4(1563 762 561 1363)
4(1564 763 562 1364)
4(1565 764 563 1365)
4(1566 765 564 1366)
4(1567 766 565 1367)
4(1568 767 566 1368)
4(1569 768 567 1369)
4(1570 769 568 1370)
4(1571 770 569 1371)
4(1572 771 570 1372)
4(1573 772 571 1373)
4(1574 773 572 1374)
4(1575 774 573 1375)
4(1576 775 574 1376)
4(1577 776 575 1377)
4(1578 777 576 1378)
4(1579 778 577 1379)
4(1580 779 578 1380)
4(1581 780 579 1381)
4(1582 781 580 1382)
4(1583 782 581 1383)
4(1584 783 582 1384)
4(1585 784 583 1385)
4(1586 785 584 1386)
4(1587 786 585 1387)
4(1588 787 586 1388)
4(1589 788 587 1389)
4(1590 789 588 1390)
4(1591 790 589 1391)
4(1592 791 590 1392)
4(1593 792 591 1393)
4(1594 793 592 1394)
4(1595 794 593 1395)
4(1596 795 594 1396)
4(1597 796 595 1397)
4(1598 797 596 1398)
4(1599 798 597 1399)
4(1600 799 598 1400)
4(1601 800 599 1401)
4(1602 801 600 1402)
4(1603 802 601 1403)
4(804 1 403 1204)
4(805 2 404 1205)
4(806 3 405 1206)
4(807 4 406 1207)
4(808 5 407 1208)
4(809 6 408 1209)
4(810 7 409 1210)
4(811 8 410 1211)
4(812 9 411 1212)
4(813 10 412 1213)
4(814 11 413 1214)
4(815 12 414 1215)
4(816 13 415 1216)
4(817 14 416 1217)
4(818 15 417 1218)
4(819 16 418 1219)
4(820 17 419 1220)
4(821 18 420 1221)
4(822 19 421 1222)
4(823 20 422 1223)
4(824 21 423 1224)
4(825 22 424 1225)
4(826 23 425 1226)
4(827 24 426 1227)
4(828 25 427 1228)
4(829 26 428 1229)
4(830 27 429 1230)
4(831 28 430 1231)
4(832 29 431 1232)
4(833 30 432 1233)
4(834 31 433 1234)
4(835 32 434 1235)
4(836 33 435 1236)
4(837 34 436 1237)
4(838 35 437 1238)
4(839 36 438 1239)
4(840 37 439 1240)
4(841 38 440 1241)
4(842 39 441 1242)
4(843 40 442 1243)
4(844 41 443 1244)
4(845 42 444 1245)
4(846 43 445 1246)
4(847 44 446 1247)
4(848 45 447 1248)
4(849 46 448 1249)
4(850 47 449 1250)
4(851 48 450 1251)
4(852 49 451 1252)
4(853 50 452 1253)
4(854 51 453 1254)
4(855 52 454 1255)
4(856 53 455 1256)
4(857 54 456 1257)
4(858 55 457 1258)
4(859 56 458 1259)
4(860 57 459 1260)
4(861 58 460 1261)
4(862 59 461 1262)
4(863 60 462 1263)
4(864 61 463 1264)
4(865 62 464 1265)
4(866 63 465 1266)
4(867 64 466 1267)
4(868 65 467 1268)
4(869 66 468 1269)
4(870 67 469 1270)
4(871 68 470 1271)
4(872 69 471 1272)
4(873 70 472 1273)
4(874 71 473 1274)
4(875 72 474 1275)
4(876 73 475 1276)
4(877 74 476 1277)
4(878 75 477 1278)
4(879 76 478 1279)
4(880 77 479 1280)
4(881 78 480 1281)
4(882 79 481 1282)
4(883 80 482 1283)
4(884 81 483 1284)
4(885 82 484 1285)
4(886 83 485 1286)
4(887 84 486 1287)
4(888 85 487 1288)
4(889 86 488 1289)
4(890 87 489 1290)
4(891 88 490 1291)
4(892 89 491 1292)
4(893 90 492 1293)
4(894 91 493 1294)
4(895 92 494 1295)
4(896 93 495 1296)
4(897 94 496 1297)
4(898 95 497 1298)
4(899 96 498 1299)
4(900 97 499 1300)
4(901 98 500 1301)
4(902 99 501 1302)
4(903 100 502 1303)
4(904 101 503 1304)
4(905 102 504 1305)
4(906 103 505 1306)
4(907 104 506 1307)
4(908 105 507 1308)
4(909 106 508 1309)
4(910 107 509 1310)
4(911 108 510 1311)
4(912 109 511 1312)
4(913 110 512 1313)
4(914 111 513 1314)
4(915 112 514 1315)
4(916 113 515 1316)
4(917 114 516 1317)
4(918 115 517 1318)
4(919 116 518 1319)
4(920 117 519 1320)
4(921 118 520 1321)
4(922 119 521 1322)
4(923 120 522 1323)
4(924 121 523 1324)
4(925 122 524 1325)
4(926 123 525 1326)
4(927 124 526 1327)
4(928 125 527 1328)
4(929 126 528 1329)
4(930 127 529 1330)
4(931 128 530 1331)
4(932 129 531 1332)
4(933 130 532 1333)
4(934 131 533 1334)
4(935 132 534 1335)
4(936 133 535 1336)
4(937 134 536 1337)
4(938 135 537 1338)
4(939 136 538 1339)
4(940 137 539 1340)
4(941 138 540 1341)
4(942 139 541 1342)
4(943 140 542 1343)
4(944 141 543 1344)
4(945 142 544 1345)
4(946 143 545 1346)
4(947 144 546 1347)
4(948 145 547 1348)
4(949 146 548 1349)
4(950 147 549 1350)
4(951 148 550 1351)
4(952 149 551 1352)
4(953 150 552 1353)
4(954 151 553 1354)
4(955 152 554 1355)
4(956 153 555 1356)
4(957 154 556 1357)
4(958 155 557 1358)
4(959 156 558 1359)
4(960 157 559 1360)
4(961 158 560 1361)
4(962 159 561 1362)
4(963 160 562 1363)
4(964 161 563 1364)
4(965 162 564 1365)
4(966 163 565 1366)
4(967 164 566 1367)
4(968 165 567 1368)
4(969 166 568 1369)
4(970 167 569 1370)
4(971 168 570 1371)
4(972 169 571 1372)
4(973 170 572 1373)
4(974 171 573 1374)
4(975 172 574 1375)
4(976 173 575 1376)
4(977 174 576 1377)
4(978 175 577 1378)
4(979 176 578 1379)
4(980 177 579 1380)
4(981 178 580 1381)
4(982 179 581 1382)
4(983 180 582 1383)
4(984 181 583 1384)
4(985 182 584 1385)
4(986 183 585 1386)
4(987 184 586 1387)
4(988 185 587 1388)
4(989 186 588 1389)
4(990 187 589 1390)
4(991 188 590 1391)
4(992 189 591 1392)
4(993 190 592 1393)
4(994 191 593 1394)
4(995 192 594 1395)
4(996 193 595 1396)
4(997 194 596 1397)
4(998 195 597 1398)
4(999 196 598 1399)
4(1000 197 599 1400)
4(1001 198 600 1401)
4(1002 199 601 1402)
4(1003 200 602 1403)
4(1404 604 202 1004)
4(1405 605 203 1005)
4(1406 606 204 1006)
4(1407 607 205 1007)
4(1408 608 206 1008)
4(1409 609 207 1009)
4(1410 610 208 1010)
4(1411 611 209 1011)
4(1412 612 210 1012)
4(1413 613 211 1013)
4(1414 614 212 1014)
4(1415 615 213 1015)
4(1416 616 214 1016)
4(1417 617 215 1017)
4(1418 618 216 1018)
4(1419 619 217 1019)
4(1420 620 218 1020)
4(1421 621 219 1021)
4(1422 622 220 1022)
4(1423 623 221 1023)
4(1424 624 222 1024)
4(1425 625 223 1025)
4(1426 626 224 1026)
4(1427 627 225 1027)
4(1428 628 226 1028)
4(1429 629 227 1029)
4(1430 630 228 1030)
4(1431 631 229 1031)
4(1432 632 230 1032)
4(1433 633 231 1033)
4(1434 634 232 1034)
4(1435 635 233 1035)
4(1436 636 234 1036)
4(1437 637 235 1037)
4(1438 638 236 1038)
4(1439 639 237 1039)
4(1440 640 238 1040)
4(1441 641 239 1041)
4(1442 642 240 1042)
4(1443 643 241 1043)
4(1444 644 242 1044)
4(1445 645 243 1045)
4(1446 646 244 1046)
4(1447 647 245 1047)
4(1448 648 246 1048)
4(1449 649 247 1049)
4(1450 650 248 1050)
4(1451 651 249 1051)
4(1452 652 250 1052)
4(1453 653 251 1053)
4(1454 654 252 1054)
4(1455 655 253 1055)
4(1456 656 254 1056)
4(1457 657 255 1057)
4(1458 658 256 1058)
4(1459 659 257 1059)
4(1460 660 258 1060)
4(1461 661 259 1061)
4(1462 662 260 1062)
4(1463 663 261 1063)
4(1464 664 262 1064)
4(1465 665 263 1065)
4(1466 666 264 1066)
4(1467 667 265 1067)
4(1468 668 266 1068)
4(1469 669 267 1069)
4(1470 670 268 1070)
4(1471 671 269 1071)
4(1472 672 270 1072)
4(1473 673 271 1073)
4(1474 674 272 1074)
4(1475 675 273 1075)
4(1476 676 274 1076)
4(1477 677 275 1077)
4(1478 678 276 1078)
4(1479 679 277 1079)
4(1480 680 278 1080)
4(1481 681 279 1081)
4(1482 682 280 1082)
4(1483 683 281 1083)
4(1484 684 282 1084)
4(1485 685 283 1085)
4(1486 686 284 1086)
4(1487 687 285 1087)
4(1488 688 286 1088)
4(1489 689 287 1089)
4(1490 690 288 1090)
4(1491 691 289 1091)
4(1492 692 290 1092)
4(1493 693 291 1093)
4(1494 694 292 1094)
4(1495 695 293 1095)
4(1496 696 294 1096)
4(1497 697 295 1097)
4(1498 698 296 1098)
4(1499 699 297 1099)
4(1500 700 298 1100)
4(1501 701 299 1101)
4(1502 702 300 1102)
4(1503 703 301 1103)
4(1504 704 302 1104)
4(1505 705 303 1105)
4(1506 706 304 1106)
4(1507 707 305 1107)
4(1508 708 306 1108)
4(1509 709 307 1109)
4(1510 710 308 1110)
4(1511 711 309 1111)
4(1512 712 310 1112)
4(1513 713 311 1113)
4(1514 714 312 1114)
4(1515 715 313 1115)
4(1516 716 314 1116)
4(1517 717 315 1117)
4(1518 718 316 1118)
4(1519 719 317 1119)
4(1520 720 318 1120)
4(1521 721 319 1121)
4(1522 722 320 1122)
4(1523 723 321 1123)
4(1524 724 322 1124)
4(1525 725 323 1125)
4(1526 726 324 1126)
4(1527 727 325 1127)
4(1528 728 326 1128)
4(1529 729 327 1129)
4(1530 730 328 1130)
4(1531 731 329 1131)
4(1532 732 330 1132)
4(1533 733 331 1133)
4(1534 734 332 1134)
4(1535 735 333 1135)
4(1536 736 334 1136)
4(1537 737 335 1137)
4(1538 738 336 1138)
4(1539 739 337 1139)
4(1540 740 338 1140)
4(1541 741 339 1141)
4(1542 742 340 1142)
4(1543 743 341 1143)
4(1544 744 342 1144)
4(1545 745 343 1145)
4(1546 746 344 1146)
4(1547 747 345 1147)
4(1548 748 346 1148)
4(1549 749 347 1149)
4(1550 750 348 1150)
4(1551 751 349 1151)
4(1552 752 350 1152)
4(1553 753 351 1153)
4(1554 754 352 1154)
4(1555 755 353 1155)
4(1556 756 354 1156)
4(1557 757 355 1157)
4(1558 758 356 1158)
4(1559 759 357 1159)
4(1560 760 358 1160)
4(1561 761 359 1161)
4(1562 762 360 1162)
4(1563 763 361 1163)
4(1564 764 362 1164)
4(1565 765 363 1165)
4(1566 766 364 1166)
4(1567 767 365 1167)
4(1568 768 366 1168)
4(1569 769 367 1169)
4(1570 770 368 1170)
4(1571 771 369 1171)
4(1572 772 370 1172)
4(1573 773 371 1173)
4(1574 774 372 1174)
4(1575 775 373 1175)
4(1576 776 374 1176)
4(1577 777 375 1177)
4(1578 778 376 1178)
4(1579 779 377 1179)
4(1580 780 378 1180)
4(1581 781 379 1181)
4(1582 782 380 1182)
4(1583 783 381 1183)
4(1584 784 382 1184)
4(1585 785 383 1185)
4(1586 786 384 1186)
4(1587 787 385 1187)
4(1588 788 386 1188)
4(1589 789 387 1189)
4(1590 790 388 1190)
4(1591 791 389 1191)
4(1592 792 390 1192)
4(1593 793 391 1193)
4(1594 794 392 1194)
4(1595 795 393 1195)
4(1596 796 394 1196)
4(1597 797 395 1197)
4(1598 798 396 1198)
4(1599 799 397 1199)
4(1600 800 398 1200)
4(1601 801 399 1201)
4(1602 802 400 1202)
4(1603 803 401 1203)
4(1204 402 0 804)
4(1205 403 1 805)
4(1206 404 2 806)
4(1207 405 3 807)
4(1208 406 4 808)
4(1209 407 5 809)
4(1210 408 6 810)
4(1211 409 7 811)
4(1212 410 8 812)
4(1213 411 9 813)
4(1214 412 10 814)
4(1215 413 11 815)
4(1216 414 12 816)
4(1217 415 13 817)
4(1218 416 14 818)
4(1219 417 15 819)
4(1220 418 16 820)
4(1221 419 17 821)
4(1222 420 18 822)
4(1223 421 19 823)
4(1224 422 20 824)
4(1225 423 21 825)
4(1226 424 22 826)
4(1227 425 23 827)
4(1228 426 24 828)
4(1229 427 25 829)
4(1230 428 26 830)
4(1231 429 27 831)
4(1232 430 28 832)
4(1233 431 29 833)
4(1234 432 30 834)
4(1235 433 31 835)
4(1236 434 32 836)
4(1237 435 33 837)
4(1238 436 34 838)
4(1239 437 35 839)
4(1240 438 36 840)
4(1241 439 37 841)
4(1242 440 38 842)
4(1243 441 39 843)
4(1244 442 40 844)
4(1245 443 41 845)
4(1246 444 42 846)
4(1247 445 43 847)
4(1248 446 44 848)
4(1249 447 45 849)
4(1250 448 46 850)
4(1251 449 47 851)
4(1252 450 48 852)
4(1253 451 49 853)
4(1254 452 50 854)
4(1255 453 51 855)
4(1256 454 52 856)
4(1257 455 53 857)
4(1258 456 54 858)
4(1259 457 55 859)
4(1260 458 56 860)
4(1261 459 57 861)
4(1262 460 58 862)
4(1263 461 59 863)
4(1264 462 60 864)
4(1265 463 61 865)
4(1266 464 62 866)
4(1267 465 63 867)
4(1268 466 64 868)
4(1269 467 65 869)
4(1270 468 66 870)
4(1271 469 67 871)
4(1272 470 68 872)
4(1273 471 69 873)
4(1274 472 70 874)
4(1275 473 71 875)
4(1276 474 72 876)
4(1277 475 73 877)
4(1278 476 74 878)
4(1279 477 75 879)
4(1280 478 76 880)
4(1281 479 77 881)
4(1282 480 78 882)
4(1283 481 79 883)
4(1284 482 80 884)
4(1285 483 81 885)
4(1286 484 82 886)
4(1287 485 83 887)
4(1288 486 84 888)
4(1289 487 85 889)
4(1290 488 86 890)
4(1291 489 87 891)
4(1292 490 88 892)
4(1293 491 89 893)
4(1294 492 90 894)
4(1295 493 91 895)
4(1296 494 92 896)
4(1297 495 93 897)
4(1298 496 94 898)
4(1299 497 95 899)
4(1300 498 96 900)
4(1301 499 97 901)
4(1302 500 98 902)
4(1303 501 99 903)
4(1304 502 100 904)
4(1305 503 101 905)
4(1306 504 102 906)
4(1307 505 103 907)
4(1308 506 104 908)
4(1309 507 105 909)
4(1310 508 106 910)
4(1311 509 107 911)
4(1312 510 108 912)
4(1313 511 109 913)
4(1314 512 110 914)
4(1315 513 111 915)
4(1316 514 112 916)
4(1317 515 113 917)
4(1318 516 114 918)
4(1319 517 115 919)
4(1320 518 116 920)
4(1321 519 117 921)
4(1322 520 118 922)
4(1323 521 119 923)
4(1324 522 120 924)
4(1325 523 121 925)
4(1326 524 122 926)
4(1327 525 123 927)
4(1328 526 124 928)
4(1329 527 125 929)
4(1330 528 126 930)
4(1331 529 127 931)
4(1332 530 128 932)
4(1333 531 129 933)
4(1334 532 130 934)
4(1335 533 131 935)
4(1336 534 132 936)
4(1337 535 133 937)
4(1338 536 134 938)
4(1339 537 135 939)
4(1340 538 136 940)
4(1341 539 137 941)
4(1342 540 138 942)
4(1343 541 139 943)
4(1344 542 140 944)
4(1345 543 141 945)
4(1346 544 142 946)
4(1347 545 143 947)
4(1348 546 144 948)
4(1349 547 145 949)
4(1350 548 146 950)
4(1351 549 147 951)
4(1352 550 148 952)
4(1353 551 149 953)
4(1354 552 150 954)
4(1355 553 151 955)
4(1356 554 152 956)
4(1357 555 153 957)
4(1358 556 154 958)
4(1359 557 155 959)
4(1360 558 156 960)
4(1361 559 157 961)
4(1362 560 158 962)
4(1363 561 159 963)
4(1364 562 160 964)
4(1365 563 161 965)
4(1366 564 162 966)
4(1367 565 163 967)
4(1368 566 164 968)
4(1369 567 165 969)
4(1370 568 166 970)
4(1371 569 167 971)
4(1372 570 168 972)
4(1373 571 169 973)
4(1374 572 170 974)
4(1375 573 171 975)
4(1376 574 172 976)
4(1377 575 173 977)
4(1378 576 174 978)
4(1379 577 175 979)
4(1380 578 176 980)
4(1381 579 177 981)
4(1382 580 178 982)
4(1383 581 179 983)
4(1384 582 180 984)
4(1385 583 181 985)
4(1386 584 182 986)
4(1387 585 183 987)
4(1388 586 184 988)
4(1389 587 185 989)
4(1390 588 186 990)
4(1391 589 187 991)
4(1392 590 188 992)
4(1393 591 189 993)
4(1394 592 190 994)
4(1395 593 191 995)
4(1396 594 192 996)
4(1397 595 193 997)
4(1398 596 194 998)
4(1399 597 195 999)
4(1400 598 196 1000)
4(1401 599 197 1001)
4(1402 600 198 1002)
4(1403 601 199 1003)
4(1004 201 603 1404)
4(1005 202 604 1405)
4(1006 203 605 1406)
4(1007 204 606 1407)
4(1008 205 607 1408)
4(1009 206 608 1409)
4(1010 207 609 1410)
4(1011 208 610 1411)
4(1012 209 611 1412)
4(1013 210 612 1413)
4(1014 211 613 1414)
4(1015 212 614 1415)
4(1016 213 615 1416)
4(1017 214 616 1417)
4(1018 215 617 1418)
4(1019 216 618 1419)
4(1020 217 619 1420)
4(1021 218 620 1421)
4(1022 219 621 1422)
4(1023 220 622 1423)
4(1024 221 623 1424)
4(1025 222 624 1425)
4(1026 223 625 1426)
4(1027 224 626 1427)
4(1028 225 627 1428)
4(1029 226 628 1429)
4(1030 227 629 1430)
4(1031 228 630 1431)
4(1032 229 631 1432)
4(1033 230 632 1433)
4(1034 231 633 1434)
4(1035 232 634 1435)
4(1036 233 635 1436)
4(1037 234 636 1437)
4(1038 235 637 1438)
4(1039 236 638 1439)
4(1040 237 639 1440)
4(1041 238 640 1441)
4(1042 239 641 1442)
4(1043 240 642 1443)
4(1044 241 643 1444)
4(1045 242 644 1445)
4(1046 243 645 1446)
4(1047 244 646 1447)
4(1048 245 647 1448)
4(1049 246 648 1449)
4(1050 247 649 1450)
4(1051 248 650 1451)
4(1052 249 651 1452)
4(1053 250 652 1453)
4(1054 251 653 1454)
4(1055 252 654 1455)
4(1056 253 655 1456)
4(1057 254 656 1457)
4(1058 255 657 1458)
4(1059 256 658 1459)
4(1060 257 659 1460)
4(1061 258 660 1461)
4(1062 259 661 1462)
4(1063 260 662 1463)
4(1064 261 663 1464)
4(1065 262 664 1465)
4(1066 263 665 1466)
4(1067 264 666 1467)
4(1068 265 667 1468)
4(1069 266 668 1469)
4(1070 267 669 1470)
4(1071 268 670 1471)
4(1072 269 671 1472)
4(1073 270 672 1473)
4(1074 271 673 1474)
4(1075 272 674 1475)
4(1076 273 675 1476)
4(1077 274 676 1477)
4(1078 275 677 1478)
4(1079 276 678 1479)
4(1080 277 679 1480)
4(1081 278 680 1481)
4(1082 279 681 1482)
4(1083 280 682 1483)
4(1084 281 683 1484)
4(1085 282 684 1485)
4(1086 283 685 1486)
4(1087 284 686 1487)
4(1088 285 687 1488)
4(1089 286 688 1489)
4(1090 287 689 1490)
4(1091 288 690 1491)
4(1092 289 691 1492)
4(1093 290 692 1493)
4(1094 291 693 1494)
4(1095 292 694 1495)
4(1096 293 695 1496)
4(1097 294 696 1497)
4(1098 295 697 1498)
4(1099 296 698 1499)
4(1100 297 699 1500)
4(1101 298 700 1501)
4(1102 299 701 1502)
4(1103 300 702 1503)
4(1104 301 703 1504)
4(1105 302 704 1505)
4(1106 303 705 1506)
4(1107 304 706 1507)
4(1108 305 707 1508)
4(1109 306 708 1509)
4(1110 307 709 1510)
4(1111 308 710 1511)
4(1112 309 711 1512)
4(1113 310 712 1513)
4(1114 311 713 1514)
4(1115 312 714 1515)
4(1116 313 715 1516)
4(1117 314 716 1517)
4(1118 315 717 1518)
4(1119 316 718 1519)
4(1120 317 719 1520)
4(1121 318 720 1521)
4(1122 319 721 1522)
4(1123 320 722 1523)
4(1124 321 723 1524)
4(1125 322 724 1525)
4(1126 323 725 1526)
4(1127 324 726 1527)
4(1128 325 727 1528)
4(1129 326 728 1529)
4(1130 327 729 1530)
4(1131 328 730 1531)
4(1132 329 731 1532)
4(1133 330 732 1533)
4(1134 331 733 1534)
4(1135 332 734 1535)
4(1136 333 735 1536)
4(1137 334 736 1537)
4(1138 335 737 1538)
4(1139 336 738 1539)
4(1140 337 739 1540)
4(1141 338 740 1541)
4(1142 339 741 1542)
4(1143 340 742 1543)
4(1144 341 743 1544)
4(1145 342 744 1545)
4(1146 343 745 1546)
4(1147 344 746 1547)
4(1148 345 747 1548)
4(1149 346 748 1549)
4(1150 347 749 1550)
4(1151 348 750 1551)
4(1152 349 751 1552)
4(1153 350 752 1553)
4(1154 351 753 1554)
4(1155 352 754 1555)
4(1156 353 755 1556)
4(1157 354 756 1557)
4(1158 355 757 1558)
4(1159 356 758 1559)
4(1160 357 759 1560)
4(1161 358 760 1561)
4(1162 359 761 1562)
4(1163 360 762 1563)
4(1164 361 763 1564)
4(1165 362 764 1565)
4(1166 363 765 1566)
4(1167 364 766 1567)
4(1168 365 767 1568)
4(1169 366 768 1569)
4(1170 367 769 1570)
4(1171 368 770 1571)
4(1172 369 771 1572)
4(1173 370 772 1573)
4(1174 371 773 1574)
4(1175 372 774 1575)
4(1176 373 775 1576)
4(1177 374 776 1577)
4(1178 375 777 1578)
4(1179 376 778 1579)
4(1180 377 779 1580)
4(1181 378 780 1581)
4(1182 379 781 1582)
4(1183 380 782 1583)
4(1184 381 783 1584)
4(1185 382 784 1585)
4(1186 383 785 1586)
4(1187 384 786 1587)
4(1188 385 787 1588)
4(1189 386 788 1589)
4(1190 387 789 1590)
4(1191 388 790 1591)
4(1192 389 791 1592)
4(1193 390 792 1593)
4(1194 391 793 1594)
4(1195 392 794 1595)
4(1196 393 795 1596)
4(1197 394 796 1597)
4(1198 395 797 1598)
4(1199 396 798 1599)
4(1200 397 799 1600)
4(1201 398 800 1601)
4(1202 399 801 1602)
4(1203 400 802 1603)
)


// ************************************************************************* //
