/*--------------------------------*- C++ -*----------------------------------*\
| =========                 |                                                 |
| \\      /  F ield         | OpenFOAM: The Open Source CFD Toolbox           |
|  \\    /   O peration     | Version:  2.4.0                                 |
|   \\  /    A nd           | Web:      www.OpenFOAM.org                      |
|    \\/     M anipulation  |                                                 |
\*---------------------------------------------------------------------------*/
FoamFile
{
    version     2.0;
    format      ascii;
    class       vectorField;
    location    "constant/region2d/polyMesh";
    object      points;
}
// * * * * * * * * * * * * * * * * * * * * * * * * * * * * * * * * * * * * * //


1604
(
(0 0 -0.02)
(0.1 0 -0.02)
(0.2 0 -0.02)
(0.3 0 -0.02)
(0.4 0 -0.02)
(0.5 0 -0.02)
(0.6 0 -0.02)
(0.7 0 -0.02)
(0.8 0 -0.02)
(0.9 0 -0.02)
(1 0 -0.02)
(1.1 0 -0.02)
(1.2 0 -0.02)
(1.3 0 -0.02)
(1.4 0 -0.02)
(1.5 0 -0.02)
(1.6 0 -0.02)
(1.7 0 -0.02)
(1.8 0 -0.02)
(1.9 0 -0.02)
(2 0 -0.02)
(2.1 0 -0.02)
(2.2 0 -0.02)
(2.3 0 -0.02)
(2.4 0 -0.02)
(2.5 0 -0.02)
(2.6 0 -0.02)
(2.7 0 -0.02)
(2.8 0 -0.02)
(2.9 0 -0.02)
(3 0 -0.02)
(3.1 0 -0.02)
(3.2 0 -0.02)
(3.3 0 -0.02)
(3.4 0 -0.02)
(3.5 0 -0.02)
(3.6 0 -0.02)
(3.7 0 -0.02)
(3.8 0 -0.02)
(3.9 0 -0.02)
(4 0 -0.02)
(4.1 0 -0.02)
(4.2 0 -0.02)
(4.3 0 -0.02)
(4.4 0 -0.02)
(4.5 0 -0.02)
(4.6 0 -0.02)
(4.7 0 -0.02)
(4.8 0 -0.02)
(4.9 0 -0.02)
(5 0 -0.02)
(5.1 0 -0.02)
(5.2 0 -0.02)
(5.3 0 -0.02)
(5.4 0 -0.02)
(5.5 0 -0.02)
(5.6 0 -0.02)
(5.7 0 -0.02)
(5.8 0 -0.02)
(5.9 0 -0.02)
(6 0 -0.02)
(6.1 0 -0.02)
(6.2 0 -0.02)
(6.3 0 -0.02)
(6.4 0 -0.02)
(6.5 0 -0.02)
(6.6 0 -0.02)
(6.7 0 -0.02)
(6.8 0 -0.02)
(6.9 0 -0.02)
(7 0 -0.02)
(7.1 0 -0.02)
(7.2 0 -0.02)
(7.3 0 -0.02)
(7.4 0 -0.02)
(7.5 0 -0.02)
(7.6 0 -0.02)
(7.7 0 -0.02)
(7.8 0 -0.02)
(7.9 0 -0.02)
(8 0 -0.02)
(8.1 0 -0.02)
(8.2 0 -0.02)
(8.3 0 -0.02)
(8.4 0 -0.02)
(8.5 0 -0.02)
(8.6 0 -0.02)
(8.7 0 -0.02)
(8.8 0 -0.02)
(8.9 0 -0.02)
(9 0 -0.02)
(9.1 0 -0.02)
(9.2 0 -0.02)
(9.3 0 -0.02)
(9.4 0 -0.02)
(9.5 0 -0.02)
(9.6 0 -0.02)
(9.7 0 -0.02)
(9.8 0 -0.02)
(9.9 0 -0.02)
(10 0 -0.02)
(10.1 0 -0.02)
(10.2 0 -0.02)
(10.3 0 -0.02)
(10.4 0 -0.02)
(10.5 0 -0.02)
(10.6 0 -0.02)
(10.7 0 -0.02)
(10.8 0 -0.02)
(10.9 0 -0.02)
(11 0 -0.02)
(11.1 0 -0.02)
(11.2 0 -0.02)
(11.3 0 -0.02)
(11.4 0 -0.02)
(11.5 0 -0.02)
(11.6 0 -0.02)
(11.7 0 -0.02)
(11.8 0 -0.02)
(11.9 0 -0.02)
(12 0 -0.02)
(12.1 0 -0.02)
(12.2 0 -0.02)
(12.3 0 -0.02)
(12.4 0 -0.02)
(12.5 0 -0.02)
(12.6 0 -0.02)
(12.7 0 -0.02)
(12.8 0 -0.02)
(12.9 0 -0.02)
(13 0 -0.02)
(13.1 0 -0.02)
(13.2 0 -0.02)
(13.3 0 -0.02)
(13.4 0 -0.02)
(13.5 0 -0.02)
(13.6 0 -0.02)
(13.7 0 -0.02)
(13.8 0 -0.02)
(13.9 0 -0.02)
(14 0 -0.02)
(14.1 0 -0.02)
(14.2 0 -0.02)
(14.3 0 -0.02)
(14.4 0 -0.02)
(14.5 0 -0.02)
(14.6 0 -0.02)
(14.7 0 -0.02)
(14.8 0 -0.02)
(14.9 0 -0.02)
(15 0 -0.02)
(15.1 0 -0.02)
(15.2 0 -0.02)
(15.3 0 -0.02)
(15.4 0 -0.02)
(15.5 0 -0.02)
(15.6 0 -0.02)
(15.7 0 -0.02)
(15.8 0 -0.02)
(15.9 0 -0.02)
(16 0 -0.02)
(16.1 0 -0.02)
(16.2 0 -0.02)
(16.3 0 -0.02)
(16.4 0 -0.02)
(16.5 0 -0.02)
(16.6 0 -0.02)
(16.7 0 -0.02)
(16.8 0 -0.02)
(16.9 0 -0.02)
(17 0 -0.02)
(17.1 0 -0.02)
(17.2 0 -0.02)
(17.3 0 -0.02)
(17.4 0 -0.02)
(17.5 0 -0.02)
(17.6 0 -0.02)
(17.7 0 -0.02)
(17.8 0 -0.02)
(17.9 0 -0.02)
(18 0 -0.02)
(18.1 0 -0.02)
(18.2 0 -0.02)
(18.3 0 -0.02)
(18.4 0 -0.02)
(18.5 0 -0.02)
(18.6 0 -0.02)
(18.7 0 -0.02)
(18.8 0 -0.02)
(18.9 0 -0.02)
(19 0 -0.02)
(19.1 0 -0.02)
(19.2 0 -0.02)
(19.3 0 -0.02)
(19.4 0 -0.02)
(19.5 0 -0.02)
(19.6 0 -0.02)
(19.7 0 -0.02)
(19.8 0 -0.02)
(19.9 0 -0.02)
(20 0 -0.02)
(0 0.1 -0.02)
(0.1 0.1 -0.02)
(0.2 0.1 -0.02)
(0.3 0.1 -0.02)
(0.4 0.1 -0.02)
(0.5 0.1 -0.02)
(0.6 0.1 -0.02)
(0.7 0.1 -0.02)
(0.8 0.1 -0.02)
(0.9 0.1 -0.02)
(1 0.1 -0.02)
(1.1 0.1 -0.02)
(1.2 0.1 -0.02)
(1.3 0.1 -0.02)
(1.4 0.1 -0.02)
(1.5 0.1 -0.02)
(1.6 0.1 -0.02)
(1.7 0.1 -0.02)
(1.8 0.1 -0.02)
(1.9 0.1 -0.02)
(2 0.1 -0.02)
(2.1 0.1 -0.02)
(2.2 0.1 -0.02)
(2.3 0.1 -0.02)
(2.4 0.1 -0.02)
(2.5 0.1 -0.02)
(2.6 0.1 -0.02)
(2.7 0.1 -0.02)
(2.8 0.1 -0.02)
(2.9 0.1 -0.02)
(3 0.1 -0.02)
(3.1 0.1 -0.02)
(3.2 0.1 -0.02)
(3.3 0.1 -0.02)
(3.4 0.1 -0.02)
(3.5 0.1 -0.02)
(3.6 0.1 -0.02)
(3.7 0.1 -0.02)
(3.8 0.1 -0.02)
(3.9 0.1 -0.02)
(4 0.1 -0.02)
(4.1 0.1 -0.02)
(4.2 0.1 -0.02)
(4.3 0.1 -0.02)
(4.4 0.1 -0.02)
(4.5 0.1 -0.02)
(4.6 0.1 -0.02)
(4.7 0.1 -0.02)
(4.8 0.1 -0.02)
(4.9 0.1 -0.02)
(5 0.1 -0.02)
(5.1 0.1 -0.02)
(5.2 0.1 -0.02)
(5.3 0.1 -0.02)
(5.4 0.1 -0.02)
(5.5 0.1 -0.02)
(5.6 0.1 -0.02)
(5.7 0.1 -0.02)
(5.8 0.1 -0.02)
(5.9 0.1 -0.02)
(6 0.1 -0.02)
(6.1 0.1 -0.02)
(6.2 0.1 -0.02)
(6.3 0.1 -0.02)
(6.4 0.1 -0.02)
(6.5 0.1 -0.02)
(6.6 0.1 -0.02)
(6.7 0.1 -0.02)
(6.8 0.1 -0.02)
(6.9 0.1 -0.02)
(7 0.1 -0.02)
(7.1 0.1 -0.02)
(7.2 0.1 -0.02)
(7.3 0.1 -0.02)
(7.4 0.1 -0.02)
(7.5 0.1 -0.02)
(7.6 0.1 -0.02)
(7.7 0.1 -0.02)
(7.8 0.1 -0.02)
(7.9 0.1 -0.02)
(8 0.1 -0.02)
(8.1 0.1 -0.02)
(8.2 0.1 -0.02)
(8.3 0.1 -0.02)
(8.4 0.1 -0.02)
(8.5 0.1 -0.02)
(8.6 0.1 -0.02)
(8.7 0.1 -0.02)
(8.8 0.1 -0.02)
(8.9 0.1 -0.02)
(9 0.1 -0.02)
(9.1 0.1 -0.02)
(9.2 0.1 -0.02)
(9.3 0.1 -0.02)
(9.4 0.1 -0.02)
(9.5 0.1 -0.02)
(9.6 0.1 -0.02)
(9.7 0.1 -0.02)
(9.8 0.1 -0.02)
(9.9 0.1 -0.02)
(10 0.1 -0.02)
(10.1 0.1 -0.02)
(10.2 0.1 -0.02)
(10.3 0.1 -0.02)
(10.4 0.1 -0.02)
(10.5 0.1 -0.02)
(10.6 0.1 -0.02)
(10.7 0.1 -0.02)
(10.8 0.1 -0.02)
(10.9 0.1 -0.02)
(11 0.1 -0.02)
(11.1 0.1 -0.02)
(11.2 0.1 -0.02)
(11.3 0.1 -0.02)
(11.4 0.1 -0.02)
(11.5 0.1 -0.02)
(11.6 0.1 -0.02)
(11.7 0.1 -0.02)
(11.8 0.1 -0.02)
(11.9 0.1 -0.02)
(12 0.1 -0.02)
(12.1 0.1 -0.02)
(12.2 0.1 -0.02)
(12.3 0.1 -0.02)
(12.4 0.1 -0.02)
(12.5 0.1 -0.02)
(12.6 0.1 -0.02)
(12.7 0.1 -0.02)
(12.8 0.1 -0.02)
(12.9 0.1 -0.02)
(13 0.1 -0.02)
(13.1 0.1 -0.02)
(13.2 0.1 -0.02)
(13.3 0.1 -0.02)
(13.4 0.1 -0.02)
(13.5 0.1 -0.02)
(13.6 0.1 -0.02)
(13.7 0.1 -0.02)
(13.8 0.1 -0.02)
(13.9 0.1 -0.02)
(14 0.1 -0.02)
(14.1 0.1 -0.02)
(14.2 0.1 -0.02)
(14.3 0.1 -0.02)
(14.4 0.1 -0.02)
(14.5 0.1 -0.02)
(14.6 0.1 -0.02)
(14.7 0.1 -0.02)
(14.8 0.1 -0.02)
(14.9 0.1 -0.02)
(15 0.1 -0.02)
(15.1 0.1 -0.02)
(15.2 0.1 -0.02)
(15.3 0.1 -0.02)
(15.4 0.1 -0.02)
(15.5 0.1 -0.02)
(15.6 0.1 -0.02)
(15.7 0.1 -0.02)
(15.8 0.1 -0.02)
(15.9 0.1 -0.02)
(16 0.1 -0.02)
(16.1 0.1 -0.02)
(16.2 0.1 -0.02)
(16.3 0.1 -0.02)
(16.4 0.1 -0.02)
(16.5 0.1 -0.02)
(16.6 0.1 -0.02)
(16.7 0.1 -0.02)
(16.8 0.1 -0.02)
(16.9 0.1 -0.02)
(17 0.1 -0.02)
(17.1 0.1 -0.02)
(17.2 0.1 -0.02)
(17.3 0.1 -0.02)
(17.4 0.1 -0.02)
(17.5 0.1 -0.02)
(17.6 0.1 -0.02)
(17.7 0.1 -0.02)
(17.8 0.1 -0.02)
(17.9 0.1 -0.02)
(18 0.1 -0.02)
(18.1 0.1 -0.02)
(18.2 0.1 -0.02)
(18.3 0.1 -0.02)
(18.4 0.1 -0.02)
(18.5 0.1 -0.02)
(18.6 0.1 -0.02)
(18.7 0.1 -0.02)
(18.8 0.1 -0.02)
(18.9 0.1 -0.02)
(19 0.1 -0.02)
(19.1 0.1 -0.02)
(19.2 0.1 -0.02)
(19.3 0.1 -0.02)
(19.4 0.1 -0.02)
(19.5 0.1 -0.02)
(19.6 0.1 -0.02)
(19.7 0.1 -0.02)
(19.8 0.1 -0.02)
(19.9 0.1 -0.02)
(20 0.1 -0.02)
(0 0 0.98)
(0.1 0 0.98)
(0.2 0 0.98)
(0.3 0 0.98)
(0.4 0 0.98)
(0.5 0 0.98)
(0.6 0 0.98)
(0.7 0 0.98)
(0.8 0 0.98)
(0.9 0 0.98)
(1 0 0.98)
(1.1 0 0.98)
(1.2 0 0.98)
(1.3 0 0.98)
(1.4 0 0.98)
(1.5 0 0.98)
(1.6 0 0.98)
(1.7 0 0.98)
(1.8 0 0.98)
(1.9 0 0.98)
(2 0 0.98)
(2.1 0 0.98)
(2.2 0 0.98)
(2.3 0 0.98)
(2.4 0 0.98)
(2.5 0 0.98)
(2.6 0 0.98)
(2.7 0 0.98)
(2.8 0 0.98)
(2.9 0 0.98)
(3 0 0.98)
(3.1 0 0.98)
(3.2 0 0.98)
(3.3 0 0.98)
(3.4 0 0.98)
(3.5 0 0.98)
(3.6 0 0.98)
(3.7 0 0.98)
(3.8 0 0.98)
(3.9 0 0.98)
(4 0 0.98)
(4.1 0 0.98)
(4.2 0 0.98)
(4.3 0 0.98)
(4.4 0 0.98)
(4.5 0 0.98)
(4.6 0 0.98)
(4.7 0 0.98)
(4.8 0 0.98)
(4.9 0 0.98)
(5 0 0.98)
(5.1 0 0.98)
(5.2 0 0.98)
(5.3 0 0.98)
(5.4 0 0.98)
(5.5 0 0.98)
(5.6 0 0.98)
(5.7 0 0.98)
(5.8 0 0.98)
(5.9 0 0.98)
(6 0 0.98)
(6.1 0 0.98)
(6.2 0 0.98)
(6.3 0 0.98)
(6.4 0 0.98)
(6.5 0 0.98)
(6.6 0 0.98)
(6.7 0 0.98)
(6.8 0 0.98)
(6.9 0 0.98)
(7 0 0.98)
(7.1 0 0.98)
(7.2 0 0.98)
(7.3 0 0.98)
(7.4 0 0.98)
(7.5 0 0.98)
(7.6 0 0.98)
(7.7 0 0.98)
(7.8 0 0.98)
(7.9 0 0.98)
(8 0 0.98)
(8.1 0 0.98)
(8.2 0 0.98)
(8.3 0 0.98)
(8.4 0 0.98)
(8.5 0 0.98)
(8.6 0 0.98)
(8.7 0 0.98)
(8.8 0 0.98)
(8.9 0 0.98)
(9 0 0.98)
(9.1 0 0.98)
(9.2 0 0.98)
(9.3 0 0.98)
(9.4 0 0.98)
(9.5 0 0.98)
(9.6 0 0.98)
(9.7 0 0.98)
(9.8 0 0.98)
(9.9 0 0.98)
(10 0 0.98)
(10.1 0 0.98)
(10.2 0 0.98)
(10.3 0 0.98)
(10.4 0 0.98)
(10.5 0 0.98)
(10.6 0 0.98)
(10.7 0 0.98)
(10.8 0 0.98)
(10.9 0 0.98)
(11 0 0.98)
(11.1 0 0.98)
(11.2 0 0.98)
(11.3 0 0.98)
(11.4 0 0.98)
(11.5 0 0.98)
(11.6 0 0.98)
(11.7 0 0.98)
(11.8 0 0.98)
(11.9 0 0.98)
(12 0 0.98)
(12.1 0 0.98)
(12.2 0 0.98)
(12.3 0 0.98)
(12.4 0 0.98)
(12.5 0 0.98)
(12.6 0 0.98)
(12.7 0 0.98)
(12.8 0 0.98)
(12.9 0 0.98)
(13 0 0.98)
(13.1 0 0.98)
(13.2 0 0.98)
(13.3 0 0.98)
(13.4 0 0.98)
(13.5 0 0.98)
(13.6 0 0.98)
(13.7 0 0.98)
(13.8 0 0.98)
(13.9 0 0.98)
(14 0 0.98)
(14.1 0 0.98)
(14.2 0 0.98)
(14.3 0 0.98)
(14.4 0 0.98)
(14.5 0 0.98)
(14.6 0 0.98)
(14.7 0 0.98)
(14.8 0 0.98)
(14.9 0 0.98)
(15 0 0.98)
(15.1 0 0.98)
(15.2 0 0.98)
(15.3 0 0.98)
(15.4 0 0.98)
(15.5 0 0.98)
(15.6 0 0.98)
(15.7 0 0.98)
(15.8 0 0.98)
(15.9 0 0.98)
(16 0 0.98)
(16.1 0 0.98)
(16.2 0 0.98)
(16.3 0 0.98)
(16.4 0 0.98)
(16.5 0 0.98)
(16.6 0 0.98)
(16.7 0 0.98)
(16.8 0 0.98)
(16.9 0 0.98)
(17 0 0.98)
(17.1 0 0.98)
(17.2 0 0.98)
(17.3 0 0.98)
(17.4 0 0.98)
(17.5 0 0.98)
(17.6 0 0.98)
(17.7 0 0.98)
(17.8 0 0.98)
(17.9 0 0.98)
(18 0 0.98)
(18.1 0 0.98)
(18.2 0 0.98)
(18.3 0 0.98)
(18.4 0 0.98)
(18.5 0 0.98)
(18.6 0 0.98)
(18.7 0 0.98)
(18.8 0 0.98)
(18.9 0 0.98)
(19 0 0.98)
(19.1 0 0.98)
(19.2 0 0.98)
(19.3 0 0.98)
(19.4 0 0.98)
(19.5 0 0.98)
(19.6 0 0.98)
(19.7 0 0.98)
(19.8 0 0.98)
(19.9 0 0.98)
(20 0 0.98)
(0 0.1 0.98)
(0.1 0.1 0.98)
(0.2 0.1 0.98)
(0.3 0.1 0.98)
(0.4 0.1 0.98)
(0.5 0.1 0.98)
(0.6 0.1 0.98)
(0.7 0.1 0.98)
(0.8 0.1 0.98)
(0.9 0.1 0.98)
(1 0.1 0.98)
(1.1 0.1 0.98)
(1.2 0.1 0.98)
(1.3 0.1 0.98)
(1.4 0.1 0.98)
(1.5 0.1 0.98)
(1.6 0.1 0.98)
(1.7 0.1 0.98)
(1.8 0.1 0.98)
(1.9 0.1 0.98)
(2 0.1 0.98)
(2.1 0.1 0.98)
(2.2 0.1 0.98)
(2.3 0.1 0.98)
(2.4 0.1 0.98)
(2.5 0.1 0.98)
(2.6 0.1 0.98)
(2.7 0.1 0.98)
(2.8 0.1 0.98)
(2.9 0.1 0.98)
(3 0.1 0.98)
(3.1 0.1 0.98)
(3.2 0.1 0.98)
(3.3 0.1 0.98)
(3.4 0.1 0.98)
(3.5 0.1 0.98)
(3.6 0.1 0.98)
(3.7 0.1 0.98)
(3.8 0.1 0.98)
(3.9 0.1 0.98)
(4 0.1 0.98)
(4.1 0.1 0.98)
(4.2 0.1 0.98)
(4.3 0.1 0.98)
(4.4 0.1 0.98)
(4.5 0.1 0.98)
(4.6 0.1 0.98)
(4.7 0.1 0.98)
(4.8 0.1 0.98)
(4.9 0.1 0.98)
(5 0.1 0.98)
(5.1 0.1 0.98)
(5.2 0.1 0.98)
(5.3 0.1 0.98)
(5.4 0.1 0.98)
(5.5 0.1 0.98)
(5.6 0.1 0.98)
(5.7 0.1 0.98)
(5.8 0.1 0.98)
(5.9 0.1 0.98)
(6 0.1 0.98)
(6.1 0.1 0.98)
(6.2 0.1 0.98)
(6.3 0.1 0.98)
(6.4 0.1 0.98)
(6.5 0.1 0.98)
(6.6 0.1 0.98)
(6.7 0.1 0.98)
(6.8 0.1 0.98)
(6.9 0.1 0.98)
(7 0.1 0.98)
(7.1 0.1 0.98)
(7.2 0.1 0.98)
(7.3 0.1 0.98)
(7.4 0.1 0.98)
(7.5 0.1 0.98)
(7.6 0.1 0.98)
(7.7 0.1 0.98)
(7.8 0.1 0.98)
(7.9 0.1 0.98)
(8 0.1 0.98)
(8.1 0.1 0.98)
(8.2 0.1 0.98)
(8.3 0.1 0.98)
(8.4 0.1 0.98)
(8.5 0.1 0.98)
(8.6 0.1 0.98)
(8.7 0.1 0.98)
(8.8 0.1 0.98)
(8.9 0.1 0.98)
(9 0.1 0.98)
(9.1 0.1 0.98)
(9.2 0.1 0.98)
(9.3 0.1 0.98)
(9.4 0.1 0.98)
(9.5 0.1 0.98)
(9.6 0.1 0.98)
(9.7 0.1 0.98)
(9.8 0.1 0.98)
(9.9 0.1 0.98)
(10 0.1 0.98)
(10.1 0.1 0.98)
(10.2 0.1 0.98)
(10.3 0.1 0.98)
(10.4 0.1 0.98)
(10.5 0.1 0.98)
(10.6 0.1 0.98)
(10.7 0.1 0.98)
(10.8 0.1 0.98)
(10.9 0.1 0.98)
(11 0.1 0.98)
(11.1 0.1 0.98)
(11.2 0.1 0.98)
(11.3 0.1 0.98)
(11.4 0.1 0.98)
(11.5 0.1 0.98)
(11.6 0.1 0.98)
(11.7 0.1 0.98)
(11.8 0.1 0.98)
(11.9 0.1 0.98)
(12 0.1 0.98)
(12.1 0.1 0.98)
(12.2 0.1 0.98)
(12.3 0.1 0.98)
(12.4 0.1 0.98)
(12.5 0.1 0.98)
(12.6 0.1 0.98)
(12.7 0.1 0.98)
(12.8 0.1 0.98)
(12.9 0.1 0.98)
(13 0.1 0.98)
(13.1 0.1 0.98)
(13.2 0.1 0.98)
(13.3 0.1 0.98)
(13.4 0.1 0.98)
(13.5 0.1 0.98)
(13.6 0.1 0.98)
(13.7 0.1 0.98)
(13.8 0.1 0.98)
(13.9 0.1 0.98)
(14 0.1 0.98)
(14.1 0.1 0.98)
(14.2 0.1 0.98)
(14.3 0.1 0.98)
(14.4 0.1 0.98)
(14.5 0.1 0.98)
(14.6 0.1 0.98)
(14.7 0.1 0.98)
(14.8 0.1 0.98)
(14.9 0.1 0.98)
(15 0.1 0.98)
(15.1 0.1 0.98)
(15.2 0.1 0.98)
(15.3 0.1 0.98)
(15.4 0.1 0.98)
(15.5 0.1 0.98)
(15.6 0.1 0.98)
(15.7 0.1 0.98)
(15.8 0.1 0.98)
(15.9 0.1 0.98)
(16 0.1 0.98)
(16.1 0.1 0.98)
(16.2 0.1 0.98)
(16.3 0.1 0.98)
(16.4 0.1 0.98)
(16.5 0.1 0.98)
(16.6 0.1 0.98)
(16.7 0.1 0.98)
(16.8 0.1 0.98)
(16.9 0.1 0.98)
(17 0.1 0.98)
(17.1 0.1 0.98)
(17.2 0.1 0.98)
(17.3 0.1 0.98)
(17.4 0.1 0.98)
(17.5 0.1 0.98)
(17.6 0.1 0.98)
(17.7 0.1 0.98)
(17.8 0.1 0.98)
(17.9 0.1 0.98)
(18 0.1 0.98)
(18.1 0.1 0.98)
(18.2 0.1 0.98)
(18.3 0.1 0.98)
(18.4 0.1 0.98)
(18.5 0.1 0.98)
(18.6 0.1 0.98)
(18.7 0.1 0.98)
(18.8 0.1 0.98)
(18.9 0.1 0.98)
(19 0.1 0.98)
(19.1 0.1 0.98)
(19.2 0.1 0.98)
(19.3 0.1 0.98)
(19.4 0.1 0.98)
(19.5 0.1 0.98)
(19.6 0.1 0.98)
(19.7 0.1 0.98)
(19.8 0.1 0.98)
(19.9 0.1 0.98)
(20 0.1 0.98)
(0.05 0 -0.02)
(0.15 0 -0.02)
(0.25 0 -0.02)
(0.35 0 -0.02)
(0.45 0 -0.02)
(0.55 0 -0.02)
(0.65 0 -0.02)
(0.75 0 -0.02)
(0.85 0 -0.02)
(0.95 0 -0.02)
(1.05 0 -0.02)
(1.15 0 -0.02)
(1.25 0 -0.02)
(1.35 0 -0.02)
(1.45 0 -0.02)
(1.55 0 -0.02)
(1.65 0 -0.02)
(1.75 0 -0.02)
(1.85 0 -0.02)
(1.95 0 -0.02)
(2.05 0 -0.02)
(2.15 0 -0.02)
(2.25 0 -0.02)
(2.35 0 -0.02)
(2.45 0 -0.02)
(2.55 0 -0.02)
(2.65 0 -0.02)
(2.75 0 -0.02)
(2.85 0 -0.02)
(2.95 0 -0.02)
(3.05 0 -0.02)
(3.15 0 -0.02)
(3.25 0 -0.02)
(3.35 0 -0.02)
(3.45 0 -0.02)
(3.55 0 -0.02)
(3.65 0 -0.02)
(3.75 0 -0.02)
(3.85 0 -0.02)
(3.95 0 -0.02)
(4.05 0 -0.02)
(4.15 0 -0.02)
(4.25 0 -0.02)
(4.35 0 -0.02)
(4.45 0 -0.02)
(4.55 0 -0.02)
(4.65 0 -0.02)
(4.75 0 -0.02)
(4.85 0 -0.02)
(4.95 0 -0.02)
(5.05 0 -0.02)
(5.15 0 -0.02)
(5.25 0 -0.02)
(5.35 0 -0.02)
(5.45 0 -0.02)
(5.55 0 -0.02)
(5.65 0 -0.02)
(5.75 0 -0.02)
(5.85 0 -0.02)
(5.95 0 -0.02)
(6.05 0 -0.02)
(6.15 0 -0.02)
(6.25 0 -0.02)
(6.35 0 -0.02)
(6.45 0 -0.02)
(6.55 0 -0.02)
(6.65 0 -0.02)
(6.75 0 -0.02)
(6.85 0 -0.02)
(6.95 0 -0.02)
(7.05 0 -0.02)
(7.15 0 -0.02)
(7.25 0 -0.02)
(7.35 0 -0.02)
(7.45 0 -0.02)
(7.55 0 -0.02)
(7.65 0 -0.02)
(7.75 0 -0.02)
(7.85 0 -0.02)
(7.95 0 -0.02)
(8.05 0 -0.02)
(8.15 0 -0.02)
(8.25 0 -0.02)
(8.35 0 -0.02)
(8.45 0 -0.02)
(8.55 0 -0.02)
(8.65 0 -0.02)
(8.75 0 -0.02)
(8.85 0 -0.02)
(8.95 0 -0.02)
(9.05 0 -0.02)
(9.15 0 -0.02)
(9.25 0 -0.02)
(9.35 0 -0.02)
(9.45 0 -0.02)
(9.55 0 -0.02)
(9.65 0 -0.02)
(9.75 0 -0.02)
(9.85 0 -0.02)
(9.95 0 -0.02)
(10.05 0 -0.02)
(10.15 0 -0.02)
(10.25 0 -0.02)
(10.35 0 -0.02)
(10.45 0 -0.02)
(10.55 0 -0.02)
(10.65 0 -0.02)
(10.75 0 -0.02)
(10.85 0 -0.02)
(10.95 0 -0.02)
(11.05 0 -0.02)
(11.15 0 -0.02)
(11.25 0 -0.02)
(11.35 0 -0.02)
(11.45 0 -0.02)
(11.55 0 -0.02)
(11.65 0 -0.02)
(11.75 0 -0.02)
(11.85 0 -0.02)
(11.95 0 -0.02)
(12.05 0 -0.02)
(12.15 0 -0.02)
(12.25 0 -0.02)
(12.35 0 -0.02)
(12.45 0 -0.02)
(12.55 0 -0.02)
(12.65 0 -0.02)
(12.75 0 -0.02)
(12.85 0 -0.02)
(12.95 0 -0.02)
(13.05 0 -0.02)
(13.15 0 -0.02)
(13.25 0 -0.02)
(13.35 0 -0.02)
(13.45 0 -0.02)
(13.55 0 -0.02)
(13.65 0 -0.02)
(13.75 0 -0.02)
(13.85 0 -0.02)
(13.95 0 -0.02)
(14.05 0 -0.02)
(14.15 0 -0.02)
(14.25 0 -0.02)
(14.35 0 -0.02)
(14.45 0 -0.02)
(14.55 0 -0.02)
(14.65 0 -0.02)
(14.75 0 -0.02)
(14.85 0 -0.02)
(14.95 0 -0.02)
(15.05 0 -0.02)
(15.15 0 -0.02)
(15.25 0 -0.02)
(15.35 0 -0.02)
(15.45 0 -0.02)
(15.55 0 -0.02)
(15.65 0 -0.02)
(15.75 0 -0.02)
(15.85 0 -0.02)
(15.95 0 -0.02)
(16.05 0 -0.02)
(16.15 0 -0.02)
(16.25 0 -0.02)
(16.35 0 -0.02)
(16.45 0 -0.02)
(16.55 0 -0.02)
(16.65 0 -0.02)
(16.75 0 -0.02)
(16.85 0 -0.02)
(16.95 0 -0.02)
(17.05 0 -0.02)
(17.15 0 -0.02)
(17.25 0 -0.02)
(17.35 0 -0.02)
(17.45 0 -0.02)
(17.55 0 -0.02)
(17.65 0 -0.02)
(17.75 0 -0.02)
(17.85 0 -0.02)
(17.95 0 -0.02)
(18.05 0 -0.02)
(18.15 0 -0.02)
(18.25 0 -0.02)
(18.35 0 -0.02)
(18.45 0 -0.02)
(18.55 0 -0.02)
(18.65 0 -0.02)
(18.75 0 -0.02)
(18.85 0 -0.02)
(18.95 0 -0.02)
(19.05 0 -0.02)
(19.15 0 -0.02)
(19.25 0 -0.02)
(19.35 0 -0.02)
(19.45 0 -0.02)
(19.55 0 -0.02)
(19.65 0 -0.02)
(19.75 0 -0.02)
(19.85 0 -0.02)
(19.95 0 -0.02)
(0.05 0.1 -0.02)
(0.15 0.1 -0.02)
(0.25 0.1 -0.02)
(0.35 0.1 -0.02)
(0.45 0.1 -0.02)
(0.55 0.1 -0.02)
(0.65 0.1 -0.02)
(0.75 0.1 -0.02)
(0.85 0.1 -0.02)
(0.95 0.1 -0.02)
(1.05 0.1 -0.02)
(1.15 0.1 -0.02)
(1.25 0.1 -0.02)
(1.35 0.1 -0.02)
(1.45 0.1 -0.02)
(1.55 0.1 -0.02)
(1.65 0.1 -0.02)
(1.75 0.1 -0.02)
(1.85 0.1 -0.02)
(1.95 0.1 -0.02)
(2.05 0.1 -0.02)
(2.15 0.1 -0.02)
(2.25 0.1 -0.02)
(2.35 0.1 -0.02)
(2.45 0.1 -0.02)
(2.55 0.1 -0.02)
(2.65 0.1 -0.02)
(2.75 0.1 -0.02)
(2.85 0.1 -0.02)
(2.95 0.1 -0.02)
(3.05 0.1 -0.02)
(3.15 0.1 -0.02)
(3.25 0.1 -0.02)
(3.35 0.1 -0.02)
(3.45 0.1 -0.02)
(3.55 0.1 -0.02)
(3.65 0.1 -0.02)
(3.75 0.1 -0.02)
(3.85 0.1 -0.02)
(3.95 0.1 -0.02)
(4.05 0.1 -0.02)
(4.15 0.1 -0.02)
(4.25 0.1 -0.02)
(4.35 0.1 -0.02)
(4.45 0.1 -0.02)
(4.55 0.1 -0.02)
(4.65 0.1 -0.02)
(4.75 0.1 -0.02)
(4.85 0.1 -0.02)
(4.95 0.1 -0.02)
(5.05 0.1 -0.02)
(5.15 0.1 -0.02)
(5.25 0.1 -0.02)
(5.35 0.1 -0.02)
(5.45 0.1 -0.02)
(5.55 0.1 -0.02)
(5.65 0.1 -0.02)
(5.75 0.1 -0.02)
(5.85 0.1 -0.02)
(5.95 0.1 -0.02)
(6.05 0.1 -0.02)
(6.15 0.1 -0.02)
(6.25 0.1 -0.02)
(6.35 0.1 -0.02)
(6.45 0.1 -0.02)
(6.55 0.1 -0.02)
(6.65 0.1 -0.02)
(6.75 0.1 -0.02)
(6.85 0.1 -0.02)
(6.95 0.1 -0.02)
(7.05 0.1 -0.02)
(7.15 0.1 -0.02)
(7.25 0.1 -0.02)
(7.35 0.1 -0.02)
(7.45 0.1 -0.02)
(7.55 0.1 -0.02)
(7.65 0.1 -0.02)
(7.75 0.1 -0.02)
(7.85 0.1 -0.02)
(7.95 0.1 -0.02)
(8.05 0.1 -0.02)
(8.15 0.1 -0.02)
(8.25 0.1 -0.02)
(8.35 0.1 -0.02)
(8.45 0.1 -0.02)
(8.55 0.1 -0.02)
(8.65 0.1 -0.02)
(8.75 0.1 -0.02)
(8.85 0.1 -0.02)
(8.95 0.1 -0.02)
(9.05 0.1 -0.02)
(9.15 0.1 -0.02)
(9.25 0.1 -0.02)
(9.35 0.1 -0.02)
(9.45 0.1 -0.02)
(9.55 0.1 -0.02)
(9.65 0.1 -0.02)
(9.75 0.1 -0.02)
(9.85 0.1 -0.02)
(9.95 0.1 -0.02)
(10.05 0.1 -0.02)
(10.15 0.1 -0.02)
(10.25 0.1 -0.02)
(10.35 0.1 -0.02)
(10.45 0.1 -0.02)
(10.55 0.1 -0.02)
(10.65 0.1 -0.02)
(10.75 0.1 -0.02)
(10.85 0.1 -0.02)
(10.95 0.1 -0.02)
(11.05 0.1 -0.02)
(11.15 0.1 -0.02)
(11.25 0.1 -0.02)
(11.35 0.1 -0.02)
(11.45 0.1 -0.02)
(11.55 0.1 -0.02)
(11.65 0.1 -0.02)
(11.75 0.1 -0.02)
(11.85 0.1 -0.02)
(11.95 0.1 -0.02)
(12.05 0.1 -0.02)
(12.15 0.1 -0.02)
(12.25 0.1 -0.02)
(12.35 0.1 -0.02)
(12.45 0.1 -0.02)
(12.55 0.1 -0.02)
(12.65 0.1 -0.02)
(12.75 0.1 -0.02)
(12.85 0.1 -0.02)
(12.95 0.1 -0.02)
(13.05 0.1 -0.02)
(13.15 0.1 -0.02)
(13.25 0.1 -0.02)
(13.35 0.1 -0.02)
(13.45 0.1 -0.02)
(13.55 0.1 -0.02)
(13.65 0.1 -0.02)
(13.75 0.1 -0.02)
(13.85 0.1 -0.02)
(13.95 0.1 -0.02)
(14.05 0.1 -0.02)
(14.15 0.1 -0.02)
(14.25 0.1 -0.02)
(14.35 0.1 -0.02)
(14.45 0.1 -0.02)
(14.55 0.1 -0.02)
(14.65 0.1 -0.02)
(14.75 0.1 -0.02)
(14.85 0.1 -0.02)
(14.95 0.1 -0.02)
(15.05 0.1 -0.02)
(15.15 0.1 -0.02)
(15.25 0.1 -0.02)
(15.35 0.1 -0.02)
(15.45 0.1 -0.02)
(15.55 0.1 -0.02)
(15.65 0.1 -0.02)
(15.75 0.1 -0.02)
(15.85 0.1 -0.02)
(15.95 0.1 -0.02)
(16.05 0.1 -0.02)
(16.15 0.1 -0.02)
(16.25 0.1 -0.02)
(16.35 0.1 -0.02)
(16.45 0.1 -0.02)
(16.55 0.1 -0.02)
(16.65 0.1 -0.02)
(16.75 0.1 -0.02)
(16.85 0.1 -0.02)
(16.95 0.1 -0.02)
(17.05 0.1 -0.02)
(17.15 0.1 -0.02)
(17.25 0.1 -0.02)
(17.35 0.1 -0.02)
(17.45 0.1 -0.02)
(17.55 0.1 -0.02)
(17.65 0.1 -0.02)
(17.75 0.1 -0.02)
(17.85 0.1 -0.02)
(17.95 0.1 -0.02)
(18.05 0.1 -0.02)
(18.15 0.1 -0.02)
(18.25 0.1 -0.02)
(18.35 0.1 -0.02)
(18.45 0.1 -0.02)
(18.55 0.1 -0.02)
(18.65 0.1 -0.02)
(18.75 0.1 -0.02)
(18.85 0.1 -0.02)
(18.95 0.1 -0.02)
(19.05 0.1 -0.02)
(19.15 0.1 -0.02)
(19.25 0.1 -0.02)
(19.35 0.1 -0.02)
(19.45 0.1 -0.02)
(19.55 0.1 -0.02)
(19.65 0.1 -0.02)
(19.75 0.1 -0.02)
(19.85 0.1 -0.02)
(19.95 0.1 -0.02)
(0.05 0 0.98)
(0.15 0 0.98)
(0.25 0 0.98)
(0.35 0 0.98)
(0.45 0 0.98)
(0.55 0 0.98)
(0.65 0 0.98)
(0.75 0 0.98)
(0.85 0 0.98)
(0.95 0 0.98)
(1.05 0 0.98)
(1.15 0 0.98)
(1.25 0 0.98)
(1.35 0 0.98)
(1.45 0 0.98)
(1.55 0 0.98)
(1.65 0 0.98)
(1.75 0 0.98)
(1.85 0 0.98)
(1.95 0 0.98)
(2.05 0 0.98)
(2.15 0 0.98)
(2.25 0 0.98)
(2.35 0 0.98)
(2.45 0 0.98)
(2.55 0 0.98)
(2.65 0 0.98)
(2.75 0 0.98)
(2.85 0 0.98)
(2.95 0 0.98)
(3.05 0 0.98)
(3.15 0 0.98)
(3.25 0 0.98)
(3.35 0 0.98)
(3.45 0 0.98)
(3.55 0 0.98)
(3.65 0 0.98)
(3.75 0 0.98)
(3.85 0 0.98)
(3.95 0 0.98)
(4.05 0 0.98)
(4.15 0 0.98)
(4.25 0 0.98)
(4.35 0 0.98)
(4.45 0 0.98)
(4.55 0 0.98)
(4.65 0 0.98)
(4.75 0 0.98)
(4.85 0 0.98)
(4.95 0 0.98)
(5.05 0 0.98)
(5.15 0 0.98)
(5.25 0 0.98)
(5.35 0 0.98)
(5.45 0 0.98)
(5.55 0 0.98)
(5.65 0 0.98)
(5.75 0 0.98)
(5.85 0 0.98)
(5.95 0 0.98)
(6.05 0 0.98)
(6.15 0 0.98)
(6.25 0 0.98)
(6.35 0 0.98)
(6.45 0 0.98)
(6.55 0 0.98)
(6.65 0 0.98)
(6.75 0 0.98)
(6.85 0 0.98)
(6.95 0 0.98)
(7.05 0 0.98)
(7.15 0 0.98)
(7.25 0 0.98)
(7.35 0 0.98)
(7.45 0 0.98)
(7.55 0 0.98)
(7.65 0 0.98)
(7.75 0 0.98)
(7.85 0 0.98)
(7.95 0 0.98)
(8.05 0 0.98)
(8.15 0 0.98)
(8.25 0 0.98)
(8.35 0 0.98)
(8.45 0 0.98)
(8.55 0 0.98)
(8.65 0 0.98)
(8.75 0 0.98)
(8.85 0 0.98)
(8.95 0 0.98)
(9.05 0 0.98)
(9.15 0 0.98)
(9.25 0 0.98)
(9.35 0 0.98)
(9.45 0 0.98)
(9.55 0 0.98)
(9.65 0 0.98)
(9.75 0 0.98)
(9.85 0 0.98)
(9.95 0 0.98)
(10.05 0 0.98)
(10.15 0 0.98)
(10.25 0 0.98)
(10.35 0 0.98)
(10.45 0 0.98)
(10.55 0 0.98)
(10.65 0 0.98)
(10.75 0 0.98)
(10.85 0 0.98)
(10.95 0 0.98)
(11.05 0 0.98)
(11.15 0 0.98)
(11.25 0 0.98)
(11.35 0 0.98)
(11.45 0 0.98)
(11.55 0 0.98)
(11.65 0 0.98)
(11.75 0 0.98)
(11.85 0 0.98)
(11.95 0 0.98)
(12.05 0 0.98)
(12.15 0 0.98)
(12.25 0 0.98)
(12.35 0 0.98)
(12.45 0 0.98)
(12.55 0 0.98)
(12.65 0 0.98)
(12.75 0 0.98)
(12.85 0 0.98)
(12.95 0 0.98)
(13.05 0 0.98)
(13.15 0 0.98)
(13.25 0 0.98)
(13.35 0 0.98)
(13.45 0 0.98)
(13.55 0 0.98)
(13.65 0 0.98)
(13.75 0 0.98)
(13.85 0 0.98)
(13.95 0 0.98)
(14.05 0 0.98)
(14.15 0 0.98)
(14.25 0 0.98)
(14.35 0 0.98)
(14.45 0 0.98)
(14.55 0 0.98)
(14.65 0 0.98)
(14.75 0 0.98)
(14.85 0 0.98)
(14.95 0 0.98)
(15.05 0 0.98)
(15.15 0 0.98)
(15.25 0 0.98)
(15.35 0 0.98)
(15.45 0 0.98)
(15.55 0 0.98)
(15.65 0 0.98)
(15.75 0 0.98)
(15.85 0 0.98)
(15.95 0 0.98)
(16.05 0 0.98)
(16.15 0 0.98)
(16.25 0 0.98)
(16.35 0 0.98)
(16.45 0 0.98)
(16.55 0 0.98)
(16.65 0 0.98)
(16.75 0 0.98)
(16.85 0 0.98)
(16.95 0 0.98)
(17.05 0 0.98)
(17.15 0 0.98)
(17.25 0 0.98)
(17.35 0 0.98)
(17.45 0 0.98)
(17.55 0 0.98)
(17.65 0 0.98)
(17.75 0 0.98)
(17.85 0 0.98)
(17.95 0 0.98)
(18.05 0 0.98)
(18.15 0 0.98)
(18.25 0 0.98)
(18.35 0 0.98)
(18.45 0 0.98)
(18.55 0 0.98)
(18.65 0 0.98)
(18.75 0 0.98)
(18.85 0 0.98)
(18.95 0 0.98)
(19.05 0 0.98)
(19.15 0 0.98)
(19.25 0 0.98)
(19.35 0 0.98)
(19.45 0 0.98)
(19.55 0 0.98)
(19.65 0 0.98)
(19.75 0 0.98)
(19.85 0 0.98)
(19.95 0 0.98)
(0.05 0.1 0.98)
(0.15 0.1 0.98)
(0.25 0.1 0.98)
(0.35 0.1 0.98)
(0.45 0.1 0.98)
(0.55 0.1 0.98)
(0.65 0.1 0.98)
(0.75 0.1 0.98)
(0.85 0.1 0.98)
(0.95 0.1 0.98)
(1.05 0.1 0.98)
(1.15 0.1 0.98)
(1.25 0.1 0.98)
(1.35 0.1 0.98)
(1.45 0.1 0.98)
(1.55 0.1 0.98)
(1.65 0.1 0.98)
(1.75 0.1 0.98)
(1.85 0.1 0.98)
(1.95 0.1 0.98)
(2.05 0.1 0.98)
(2.15 0.1 0.98)
(2.25 0.1 0.98)
(2.35 0.1 0.98)
(2.45 0.1 0.98)
(2.55 0.1 0.98)
(2.65 0.1 0.98)
(2.75 0.1 0.98)
(2.85 0.1 0.98)
(2.95 0.1 0.98)
(3.05 0.1 0.98)
(3.15 0.1 0.98)
(3.25 0.1 0.98)
(3.35 0.1 0.98)
(3.45 0.1 0.98)
(3.55 0.1 0.98)
(3.65 0.1 0.98)
(3.75 0.1 0.98)
(3.85 0.1 0.98)
(3.95 0.1 0.98)
(4.05 0.1 0.98)
(4.15 0.1 0.98)
(4.25 0.1 0.98)
(4.35 0.1 0.98)
(4.45 0.1 0.98)
(4.55 0.1 0.98)
(4.65 0.1 0.98)
(4.75 0.1 0.98)
(4.85 0.1 0.98)
(4.95 0.1 0.98)
(5.05 0.1 0.98)
(5.15 0.1 0.98)
(5.25 0.1 0.98)
(5.35 0.1 0.98)
(5.45 0.1 0.98)
(5.55 0.1 0.98)
(5.65 0.1 0.98)
(5.75 0.1 0.98)
(5.85 0.1 0.98)
(5.95 0.1 0.98)
(6.05 0.1 0.98)
(6.15 0.1 0.98)
(6.25 0.1 0.98)
(6.35 0.1 0.98)
(6.45 0.1 0.98)
(6.55 0.1 0.98)
(6.65 0.1 0.98)
(6.75 0.1 0.98)
(6.85 0.1 0.98)
(6.95 0.1 0.98)
(7.05 0.1 0.98)
(7.15 0.1 0.98)
(7.25 0.1 0.98)
(7.35 0.1 0.98)
(7.45 0.1 0.98)
(7.55 0.1 0.98)
(7.65 0.1 0.98)
(7.75 0.1 0.98)
(7.85 0.1 0.98)
(7.95 0.1 0.98)
(8.05 0.1 0.98)
(8.15 0.1 0.98)
(8.25 0.1 0.98)
(8.35 0.1 0.98)
(8.45 0.1 0.98)
(8.55 0.1 0.98)
(8.65 0.1 0.98)
(8.75 0.1 0.98)
(8.85 0.1 0.98)
(8.95 0.1 0.98)
(9.05 0.1 0.98)
(9.15 0.1 0.98)
(9.25 0.1 0.98)
(9.35 0.1 0.98)
(9.45 0.1 0.98)
(9.55 0.1 0.98)
(9.65 0.1 0.98)
(9.75 0.1 0.98)
(9.85 0.1 0.98)
(9.95 0.1 0.98)
(10.05 0.1 0.98)
(10.15 0.1 0.98)
(10.25 0.1 0.98)
(10.35 0.1 0.98)
(10.45 0.1 0.98)
(10.55 0.1 0.98)
(10.65 0.1 0.98)
(10.75 0.1 0.98)
(10.85 0.1 0.98)
(10.95 0.1 0.98)
(11.05 0.1 0.98)
(11.15 0.1 0.98)
(11.25 0.1 0.98)
(11.35 0.1 0.98)
(11.45 0.1 0.98)
(11.55 0.1 0.98)
(11.65 0.1 0.98)
(11.75 0.1 0.98)
(11.85 0.1 0.98)
(11.95 0.1 0.98)
(12.05 0.1 0.98)
(12.15 0.1 0.98)
(12.25 0.1 0.98)
(12.35 0.1 0.98)
(12.45 0.1 0.98)
(12.55 0.1 0.98)
(12.65 0.1 0.98)
(12.75 0.1 0.98)
(12.85 0.1 0.98)
(12.95 0.1 0.98)
(13.05 0.1 0.98)
(13.15 0.1 0.98)
(13.25 0.1 0.98)
(13.35 0.1 0.98)
(13.45 0.1 0.98)
(13.55 0.1 0.98)
(13.65 0.1 0.98)
(13.75 0.1 0.98)
(13.85 0.1 0.98)
(13.95 0.1 0.98)
(14.05 0.1 0.98)
(14.15 0.1 0.98)
(14.25 0.1 0.98)
(14.35 0.1 0.98)
(14.45 0.1 0.98)
(14.55 0.1 0.98)
(14.65 0.1 0.98)
(14.75 0.1 0.98)
(14.85 0.1 0.98)
(14.95 0.1 0.98)
(15.05 0.1 0.98)
(15.15 0.1 0.98)
(15.25 0.1 0.98)
(15.35 0.1 0.98)
(15.45 0.1 0.98)
(15.55 0.1 0.98)
(15.65 0.1 0.98)
(15.75 0.1 0.98)
(15.85 0.1 0.98)
(15.95 0.1 0.98)
(16.05 0.1 0.98)
(16.15 0.1 0.98)
(16.25 0.1 0.98)
(16.35 0.1 0.98)
(16.45 0.1 0.98)
(16.55 0.1 0.98)
(16.65 0.1 0.98)
(16.75 0.1 0.98)
(16.85 0.1 0.98)
(16.95 0.1 0.98)
(17.05 0.1 0.98)
(17.15 0.1 0.98)
(17.25 0.1 0.98)
(17.35 0.1 0.98)
(17.45 0.1 0.98)
(17.55 0.1 0.98)
(17.65 0.1 0.98)
(17.75 0.1 0.98)
(17.85 0.1 0.98)
(17.95 0.1 0.98)
(18.05 0.1 0.98)
(18.15 0.1 0.98)
(18.25 0.1 0.98)
(18.35 0.1 0.98)
(18.45 0.1 0.98)
(18.55 0.1 0.98)
(18.65 0.1 0.98)
(18.75 0.1 0.98)
(18.85 0.1 0.98)
(18.95 0.1 0.98)
(19.05 0.1 0.98)
(19.15 0.1 0.98)
(19.25 0.1 0.98)
(19.35 0.1 0.98)
(19.45 0.1 0.98)
(19.55 0.1 0.98)
(19.65 0.1 0.98)
(19.75 0.1 0.98)
(19.85 0.1 0.98)
(19.95 0.1 0.98)
)


// ************************************************************************* //
