/*--------------------------------*- C++ -*----------------------------------*\
| =========                 |                                                 |
| \\      /  F ield         | OpenFOAM: The Open Source CFD Toolbox           |
|  \\    /   O peration     | Version:  2.4.0                                 |
|   \\  /    A nd           | Web:      www.OpenFOAM.org                      |
|    \\/     M anipulation  |                                                 |
\*---------------------------------------------------------------------------*/
FoamFile
{
    version     2.0;
    format      ascii;
    class       faceSet;
    location    "constant/region3d/polyMesh/sets";
    object      facesfrontA;
}
// * * * * * * * * * * * * * * * * * * * * * * * * * * * * * * * * * * * * * //


300
(
778200 
778201 
778202 
778203 
778204 
778205 
778206 
778207 
778208 
778209 
778210 
778211 
778212 
778213 
778214 
778215 
778216 
778217 
778218 
778219 
778220 
778221 
778222 
778223 
778224 
778225 
778226 
778227 
778228 
778229 
778230 
778231 
778232 
778233 
778234 
778235 
778236 
778237 
778238 
778239 
778240 
778241 
778242 
778243 
778244 
778245 
778246 
778247 
778248 
778249 
778250 
778251 
778252 
778253 
778254 
778255 
778256 
778257 
778258 
778259 
778260 
778261 
778262 
778263 
778264 
778265 
778266 
778267 
778268 
778269 
778270 
778271 
778272 
778273 
778274 
778275 
778276 
778277 
778278 
778279 
778280 
778281 
778282 
778283 
778284 
778285 
778286 
778287 
778288 
778289 
778290 
778291 
778292 
778293 
778294 
778295 
778296 
778297 
778298 
778299 
778300 
778301 
778302 
778303 
778304 
778305 
778306 
778307 
778308 
778309 
778310 
778311 
778312 
778313 
778314 
778315 
778316 
778317 
778318 
778319 
778320 
778321 
778322 
778323 
778324 
778325 
778326 
778327 
778328 
778329 
778330 
778331 
778332 
778333 
778334 
778335 
778336 
778337 
778338 
778339 
778340 
778341 
778342 
778343 
778344 
778345 
778346 
778347 
778348 
778349 
778350 
778351 
778352 
778353 
778354 
778355 
778356 
778357 
778358 
778359 
778360 
778361 
778362 
778363 
778364 
778365 
778366 
778367 
778368 
778369 
778370 
778371 
778372 
778373 
778374 
778375 
778376 
778377 
778378 
778379 
778380 
778381 
778382 
778383 
778384 
778385 
778386 
778387 
778388 
778389 
778390 
778391 
778392 
778393 
778394 
778395 
778396 
778397 
778398 
778399 
778400 
778401 
778402 
778403 
778404 
778405 
778406 
778407 
778408 
778409 
778410 
778411 
778412 
778413 
778414 
778415 
778416 
778417 
778418 
778419 
778420 
778421 
778422 
778423 
778424 
778425 
778426 
778427 
778428 
778429 
778430 
778431 
778432 
778433 
778434 
778435 
778436 
778437 
778438 
778439 
778440 
778441 
778442 
778443 
778444 
778445 
778446 
778447 
778448 
778449 
778450 
778451 
778452 
778453 
778454 
778455 
778456 
778457 
778458 
778459 
778460 
778461 
778462 
778463 
778464 
778465 
778466 
778467 
778468 
778469 
778470 
778471 
778472 
778473 
778474 
778475 
778476 
778477 
778478 
778479 
778480 
778481 
778482 
778483 
778484 
778485 
778486 
778487 
778488 
778489 
778490 
778491 
778492 
778493 
778494 
778495 
778496 
778497 
778498 
778499 
)

// ************************************************************************* //
