/*--------------------------------*- C++ -*----------------------------------*\
| =========                 |                                                 |
| \\      /  F ield         | OpenFOAM: The Open Source CFD Toolbox           |
|  \\    /   O peration     | Version:  2.4.0                                 |
|   \\  /    A nd           | Web:      www.OpenFOAM.org                      |
|    \\/     M anipulation  |                                                 |
\*---------------------------------------------------------------------------*/
FoamFile
{
    version     2.0;
    format      ascii;
    class       faceSet;
    location    "constant/region3d/polyMesh/sets";
    object      facesback;
}
// * * * * * * * * * * * * * * * * * * * * * * * * * * * * * * * * * * * * * //


1650
(
928875 
928876 
928877 
928878 
928879 
928880 
928881 
928882 
928883 
928884 
928885 
928886 
928887 
928888 
928889 
928890 
928891 
928892 
928893 
928894 
928895 
928896 
928897 
928898 
928899 
928900 
928901 
928902 
928903 
928904 
928905 
928906 
928907 
928908 
928909 
928910 
928911 
928912 
928913 
928914 
928915 
928916 
928917 
928918 
928919 
928920 
928921 
928922 
928923 
928924 
928925 
928926 
928927 
928928 
928929 
928930 
928931 
928932 
928933 
928934 
928935 
928936 
928937 
928938 
928939 
928940 
928941 
928942 
928943 
928944 
928945 
928946 
928947 
928948 
928949 
928950 
928951 
928952 
928953 
928954 
928955 
928956 
928957 
928958 
928959 
928960 
928961 
928962 
928963 
928964 
928965 
928966 
928967 
928968 
928969 
928970 
928971 
928972 
928973 
928974 
928975 
928976 
928977 
928978 
928979 
928980 
928981 
928982 
928983 
928984 
928985 
928986 
928987 
928988 
928989 
928990 
928991 
928992 
928993 
928994 
928995 
928996 
928997 
928998 
928999 
929000 
929001 
929002 
929003 
929004 
929005 
929006 
929007 
929008 
929009 
929010 
929011 
929012 
929013 
929014 
929015 
929016 
929017 
929018 
929019 
929020 
929021 
929022 
929023 
929024 
929025 
929026 
929027 
929028 
929029 
929030 
929031 
929032 
929033 
929034 
929035 
929036 
929037 
929038 
929039 
929040 
929041 
929042 
929043 
929044 
929045 
929046 
929047 
929048 
929049 
929050 
929051 
929052 
929053 
929054 
929055 
929056 
929057 
929058 
929059 
929060 
929061 
929062 
929063 
929064 
929065 
929066 
929067 
929068 
929069 
929070 
929071 
929072 
929073 
929074 
929075 
929076 
929077 
929078 
929079 
929080 
929081 
929082 
929083 
929084 
929085 
929086 
929087 
929088 
929089 
929090 
929091 
929092 
929093 
929094 
929095 
929096 
929097 
929098 
929099 
929100 
929101 
929102 
929103 
929104 
929105 
929106 
929107 
929108 
929109 
929110 
929111 
929112 
929113 
929114 
929115 
929116 
929117 
929118 
929119 
929120 
929121 
929122 
929123 
929124 
929125 
929126 
929127 
929128 
929129 
929130 
929131 
929132 
929133 
929134 
929135 
929136 
929137 
929138 
929139 
929140 
929141 
929142 
929143 
929144 
929145 
929146 
929147 
929148 
929149 
929150 
929151 
929152 
929153 
929154 
929155 
929156 
929157 
929158 
929159 
929160 
929161 
929162 
929163 
929164 
929165 
929166 
929167 
929168 
929169 
929170 
929171 
929172 
929173 
929174 
929175 
929176 
929177 
929178 
929179 
929180 
929181 
929182 
929183 
929184 
929185 
929186 
929187 
929188 
929189 
929190 
929191 
929192 
929193 
929194 
929195 
929196 
929197 
929198 
929199 
929200 
929201 
929202 
929203 
929204 
929205 
929206 
929207 
929208 
929209 
929210 
929211 
929212 
929213 
929214 
929215 
929216 
929217 
929218 
929219 
929220 
929221 
929222 
929223 
929224 
929225 
929226 
929227 
929228 
929229 
929230 
929231 
929232 
929233 
929234 
929235 
929236 
929237 
929238 
929239 
929240 
929241 
929242 
929243 
929244 
929245 
929246 
929247 
929248 
929249 
929250 
929251 
929252 
929253 
929254 
929255 
929256 
929257 
929258 
929259 
929260 
929261 
929262 
929263 
929264 
929265 
929266 
929267 
929268 
929269 
929270 
929271 
929272 
929273 
929274 
929275 
929276 
929277 
929278 
929279 
929280 
929281 
929282 
929283 
929284 
929285 
929286 
929287 
929288 
929289 
929290 
929291 
929292 
929293 
929294 
929295 
929296 
929297 
929298 
929299 
929300 
929301 
929302 
929303 
929304 
929305 
929306 
929307 
929308 
929309 
929310 
929311 
929312 
929313 
929314 
929315 
929316 
929317 
929318 
929319 
929320 
929321 
929322 
929323 
929324 
929325 
929326 
929327 
929328 
929329 
929330 
929331 
929332 
929333 
929334 
929335 
929336 
929337 
929338 
929339 
929340 
929341 
929342 
929343 
929344 
929345 
929346 
929347 
929348 
929349 
929350 
929351 
929352 
929353 
929354 
929355 
929356 
929357 
929358 
929359 
929360 
929361 
929362 
929363 
929364 
929365 
929366 
929367 
929368 
929369 
929370 
929371 
929372 
929373 
929374 
929375 
929376 
929377 
929378 
929379 
929380 
929381 
929382 
929383 
929384 
929385 
929386 
929387 
929388 
929389 
929390 
929391 
929392 
929393 
929394 
929395 
929396 
929397 
929398 
929399 
929400 
929401 
929402 
929403 
929404 
929405 
929406 
929407 
929408 
929409 
929410 
929411 
929412 
929413 
929414 
929415 
929416 
929417 
929418 
929419 
929420 
929421 
929422 
929423 
929424 
929425 
929426 
929427 
929428 
929429 
929430 
929431 
929432 
929433 
929434 
929435 
929436 
929437 
929438 
929439 
929440 
929441 
929442 
929443 
929444 
929445 
929446 
929447 
929448 
929449 
929450 
929451 
929452 
929453 
929454 
929455 
929456 
929457 
929458 
929459 
929460 
929461 
929462 
929463 
929464 
929465 
929466 
929467 
929468 
929469 
929470 
929471 
929472 
929473 
929474 
929475 
929476 
929477 
929478 
929479 
929480 
929481 
929482 
929483 
929484 
929485 
929486 
929487 
929488 
929489 
929490 
929491 
929492 
929493 
929494 
929495 
929496 
929497 
929498 
929499 
929500 
929501 
929502 
929503 
929504 
929505 
929506 
929507 
929508 
929509 
929510 
929511 
929512 
929513 
929514 
929515 
929516 
929517 
929518 
929519 
929520 
929521 
929522 
929523 
929524 
929525 
929526 
929527 
929528 
929529 
929530 
929531 
929532 
929533 
929534 
929535 
929536 
929537 
929538 
929539 
929540 
929541 
929542 
929543 
929544 
929545 
929546 
929547 
929548 
929549 
929550 
929551 
929552 
929553 
929554 
929555 
929556 
929557 
929558 
929559 
929560 
929561 
929562 
929563 
929564 
929565 
929566 
929567 
929568 
929569 
929570 
929571 
929572 
929573 
929574 
929575 
929576 
929577 
929578 
929579 
929580 
929581 
929582 
929583 
929584 
929585 
929586 
929587 
929588 
929589 
929590 
929591 
929592 
929593 
929594 
929595 
929596 
929597 
929598 
929599 
929600 
929601 
929602 
929603 
929604 
929605 
929606 
929607 
929608 
929609 
929610 
929611 
929612 
929613 
929614 
929615 
929616 
929617 
929618 
929619 
929620 
929621 
929622 
929623 
929624 
929625 
929626 
929627 
929628 
929629 
929630 
929631 
929632 
929633 
929634 
929635 
929636 
929637 
929638 
929639 
929640 
929641 
929642 
929643 
929644 
929645 
929646 
929647 
929648 
929649 
929650 
929651 
929652 
929653 
929654 
929655 
929656 
929657 
929658 
929659 
929660 
929661 
929662 
929663 
929664 
929665 
929666 
929667 
929668 
929669 
929670 
929671 
929672 
929673 
929674 
929675 
929676 
929677 
929678 
929679 
929680 
929681 
929682 
929683 
929684 
929685 
929686 
929687 
929688 
929689 
929690 
929691 
929692 
929693 
929694 
929695 
929696 
929697 
929698 
929699 
929700 
929701 
929702 
929703 
929704 
929705 
929706 
929707 
929708 
929709 
929710 
929711 
929712 
929713 
929714 
929715 
929716 
929717 
929718 
929719 
929720 
929721 
929722 
929723 
929724 
929725 
929726 
929727 
929728 
929729 
929730 
929731 
929732 
929733 
929734 
929735 
929736 
929737 
929738 
929739 
929740 
929741 
929742 
929743 
929744 
929745 
929746 
929747 
929748 
929749 
929750 
929751 
929752 
929753 
929754 
929755 
929756 
929757 
929758 
929759 
929760 
929761 
929762 
929763 
929764 
929765 
929766 
929767 
929768 
929769 
929770 
929771 
929772 
929773 
929774 
929775 
929776 
929777 
929778 
929779 
929780 
929781 
929782 
929783 
929784 
929785 
929786 
929787 
929788 
929789 
929790 
929791 
929792 
929793 
929794 
929795 
929796 
929797 
929798 
929799 
929800 
929801 
929802 
929803 
929804 
929805 
929806 
929807 
929808 
929809 
929810 
929811 
929812 
929813 
929814 
929815 
929816 
929817 
929818 
929819 
929820 
929821 
929822 
929823 
929824 
929825 
929826 
929827 
929828 
929829 
929830 
929831 
929832 
929833 
929834 
929835 
929836 
929837 
929838 
929839 
929840 
929841 
929842 
929843 
929844 
929845 
929846 
929847 
929848 
929849 
929850 
929851 
929852 
929853 
929854 
929855 
929856 
929857 
929858 
929859 
929860 
929861 
929862 
929863 
929864 
929865 
929866 
929867 
929868 
929869 
929870 
929871 
929872 
929873 
929874 
929875 
929876 
929877 
929878 
929879 
929880 
929881 
929882 
929883 
929884 
929885 
929886 
929887 
929888 
929889 
929890 
929891 
929892 
929893 
929894 
929895 
929896 
929897 
929898 
929899 
929900 
929901 
929902 
929903 
929904 
929905 
929906 
929907 
929908 
929909 
929910 
929911 
929912 
929913 
929914 
929915 
929916 
929917 
929918 
929919 
929920 
929921 
929922 
929923 
929924 
929925 
929926 
929927 
929928 
929929 
929930 
929931 
929932 
929933 
929934 
929935 
929936 
929937 
929938 
929939 
929940 
929941 
929942 
929943 
929944 
929945 
929946 
929947 
929948 
929949 
929950 
929951 
929952 
929953 
929954 
929955 
929956 
929957 
929958 
929959 
929960 
929961 
929962 
929963 
929964 
929965 
929966 
929967 
929968 
929969 
929970 
929971 
929972 
929973 
929974 
929975 
929976 
929977 
929978 
929979 
929980 
929981 
929982 
929983 
929984 
929985 
929986 
929987 
929988 
929989 
929990 
929991 
929992 
929993 
929994 
929995 
929996 
929997 
929998 
929999 
930000 
930001 
930002 
930003 
930004 
930005 
930006 
930007 
930008 
930009 
930010 
930011 
930012 
930013 
930014 
930015 
930016 
930017 
930018 
930019 
930020 
930021 
930022 
930023 
930024 
930025 
930026 
930027 
930028 
930029 
930030 
930031 
930032 
930033 
930034 
930035 
930036 
930037 
930038 
930039 
930040 
930041 
930042 
930043 
930044 
930045 
930046 
930047 
930048 
930049 
930050 
930051 
930052 
930053 
930054 
930055 
930056 
930057 
930058 
930059 
930060 
930061 
930062 
930063 
930064 
930065 
930066 
930067 
930068 
930069 
930070 
930071 
930072 
930073 
930074 
930075 
930076 
930077 
930078 
930079 
930080 
930081 
930082 
930083 
930084 
930085 
930086 
930087 
930088 
930089 
930090 
930091 
930092 
930093 
930094 
930095 
930096 
930097 
930098 
930099 
930100 
930101 
930102 
930103 
930104 
930105 
930106 
930107 
930108 
930109 
930110 
930111 
930112 
930113 
930114 
930115 
930116 
930117 
930118 
930119 
930120 
930121 
930122 
930123 
930124 
930125 
930126 
930127 
930128 
930129 
930130 
930131 
930132 
930133 
930134 
930135 
930136 
930137 
930138 
930139 
930140 
930141 
930142 
930143 
930144 
930145 
930146 
930147 
930148 
930149 
930150 
930151 
930152 
930153 
930154 
930155 
930156 
930157 
930158 
930159 
930160 
930161 
930162 
930163 
930164 
930165 
930166 
930167 
930168 
930169 
930170 
930171 
930172 
930173 
930174 
930175 
930176 
930177 
930178 
930179 
930180 
930181 
930182 
930183 
930184 
930185 
930186 
930187 
930188 
930189 
930190 
930191 
930192 
930193 
930194 
930195 
930196 
930197 
930198 
930199 
930200 
930201 
930202 
930203 
930204 
930205 
930206 
930207 
930208 
930209 
930210 
930211 
930212 
930213 
930214 
930215 
930216 
930217 
930218 
930219 
930220 
930221 
930222 
930223 
930224 
930225 
930226 
930227 
930228 
930229 
930230 
930231 
930232 
930233 
930234 
930235 
930236 
930237 
930238 
930239 
930240 
930241 
930242 
930243 
930244 
930245 
930246 
930247 
930248 
930249 
930250 
930251 
930252 
930253 
930254 
930255 
930256 
930257 
930258 
930259 
930260 
930261 
930262 
930263 
930264 
930265 
930266 
930267 
930268 
930269 
930270 
930271 
930272 
930273 
930274 
930275 
930276 
930277 
930278 
930279 
930280 
930281 
930282 
930283 
930284 
930285 
930286 
930287 
930288 
930289 
930290 
930291 
930292 
930293 
930294 
930295 
930296 
930297 
930298 
930299 
930300 
930301 
930302 
930303 
930304 
930305 
930306 
930307 
930308 
930309 
930310 
930311 
930312 
930313 
930314 
930315 
930316 
930317 
930318 
930319 
930320 
930321 
930322 
930323 
930324 
930325 
930326 
930327 
930328 
930329 
930330 
930331 
930332 
930333 
930334 
930335 
930336 
930337 
930338 
930339 
930340 
930341 
930342 
930343 
930344 
930345 
930346 
930347 
930348 
930349 
930350 
930351 
930352 
930353 
930354 
930355 
930356 
930357 
930358 
930359 
930360 
930361 
930362 
930363 
930364 
930365 
930366 
930367 
930368 
930369 
930370 
930371 
930372 
930373 
930374 
930375 
930376 
930377 
930378 
930379 
930380 
930381 
930382 
930383 
930384 
930385 
930386 
930387 
930388 
930389 
930390 
930391 
930392 
930393 
930394 
930395 
930396 
930397 
930398 
930399 
930400 
930401 
930402 
930403 
930404 
930405 
930406 
930407 
930408 
930409 
930410 
930411 
930412 
930413 
930414 
930415 
930416 
930417 
930418 
930419 
930420 
930421 
930422 
930423 
930424 
930425 
930426 
930427 
930428 
930429 
930430 
930431 
930432 
930433 
930434 
930435 
930436 
930437 
930438 
930439 
930440 
930441 
930442 
930443 
930444 
930445 
930446 
930447 
930448 
930449 
930450 
930451 
930452 
930453 
930454 
930455 
930456 
930457 
930458 
930459 
930460 
930461 
930462 
930463 
930464 
930465 
930466 
930467 
930468 
930469 
930470 
930471 
930472 
930473 
930474 
930475 
930476 
930477 
930478 
930479 
930480 
930481 
930482 
930483 
930484 
930485 
930486 
930487 
930488 
930489 
930490 
930491 
930492 
930493 
930494 
930495 
930496 
930497 
930498 
930499 
930500 
930501 
930502 
930503 
930504 
930505 
930506 
930507 
930508 
930509 
930510 
930511 
930512 
930513 
930514 
930515 
930516 
930517 
930518 
930519 
930520 
930521 
930522 
930523 
930524 
)

// ************************************************************************* //
