/*--------------------------------*- C++ -*----------------------------------*\
| =========                 |                                                 |
| \\      /  F ield         | OpenFOAM: The Open Source CFD Toolbox           |
|  \\    /   O peration     | Version:  2.4.0                                 |
|   \\  /    A nd           | Web:      www.OpenFOAM.org                      |
|    \\/     M anipulation  |                                                 |
\*---------------------------------------------------------------------------*/
FoamFile
{
    version     2.0;
    format      ascii;
    class       faceSet;
    location    "constant/region3d/polyMesh/sets";
    object      facesright;
}
// * * * * * * * * * * * * * * * * * * * * * * * * * * * * * * * * * * * * * //


4400
(
930525 
930526 
930527 
930528 
930529 
930530 
930531 
930532 
930533 
930534 
930535 
930536 
930537 
930538 
930539 
930540 
930541 
930542 
930543 
930544 
930545 
930546 
930547 
930548 
930549 
930550 
930551 
930552 
930553 
930554 
930555 
930556 
930557 
930558 
930559 
930560 
930561 
930562 
930563 
930564 
930565 
930566 
930567 
930568 
930569 
930570 
930571 
930572 
930573 
930574 
930575 
930576 
930577 
930578 
930579 
930580 
930581 
930582 
930583 
930584 
930585 
930586 
930587 
930588 
930589 
930590 
930591 
930592 
930593 
930594 
930595 
930596 
930597 
930598 
930599 
930600 
930601 
930602 
930603 
930604 
930605 
930606 
930607 
930608 
930609 
930610 
930611 
930612 
930613 
930614 
930615 
930616 
930617 
930618 
930619 
930620 
930621 
930622 
930623 
930624 
930625 
930626 
930627 
930628 
930629 
930630 
930631 
930632 
930633 
930634 
930635 
930636 
930637 
930638 
930639 
930640 
930641 
930642 
930643 
930644 
930645 
930646 
930647 
930648 
930649 
930650 
930651 
930652 
930653 
930654 
930655 
930656 
930657 
930658 
930659 
930660 
930661 
930662 
930663 
930664 
930665 
930666 
930667 
930668 
930669 
930670 
930671 
930672 
930673 
930674 
930675 
930676 
930677 
930678 
930679 
930680 
930681 
930682 
930683 
930684 
930685 
930686 
930687 
930688 
930689 
930690 
930691 
930692 
930693 
930694 
930695 
930696 
930697 
930698 
930699 
930700 
930701 
930702 
930703 
930704 
930705 
930706 
930707 
930708 
930709 
930710 
930711 
930712 
930713 
930714 
930715 
930716 
930717 
930718 
930719 
930720 
930721 
930722 
930723 
930724 
930725 
930726 
930727 
930728 
930729 
930730 
930731 
930732 
930733 
930734 
930735 
930736 
930737 
930738 
930739 
930740 
930741 
930742 
930743 
930744 
930745 
930746 
930747 
930748 
930749 
930750 
930751 
930752 
930753 
930754 
930755 
930756 
930757 
930758 
930759 
930760 
930761 
930762 
930763 
930764 
930765 
930766 
930767 
930768 
930769 
930770 
930771 
930772 
930773 
930774 
930775 
930776 
930777 
930778 
930779 
930780 
930781 
930782 
930783 
930784 
930785 
930786 
930787 
930788 
930789 
930790 
930791 
930792 
930793 
930794 
930795 
930796 
930797 
930798 
930799 
930800 
930801 
930802 
930803 
930804 
930805 
930806 
930807 
930808 
930809 
930810 
930811 
930812 
930813 
930814 
930815 
930816 
930817 
930818 
930819 
930820 
930821 
930822 
930823 
930824 
930825 
930826 
930827 
930828 
930829 
930830 
930831 
930832 
930833 
930834 
930835 
930836 
930837 
930838 
930839 
930840 
930841 
930842 
930843 
930844 
930845 
930846 
930847 
930848 
930849 
930850 
930851 
930852 
930853 
930854 
930855 
930856 
930857 
930858 
930859 
930860 
930861 
930862 
930863 
930864 
930865 
930866 
930867 
930868 
930869 
930870 
930871 
930872 
930873 
930874 
930875 
930876 
930877 
930878 
930879 
930880 
930881 
930882 
930883 
930884 
930885 
930886 
930887 
930888 
930889 
930890 
930891 
930892 
930893 
930894 
930895 
930896 
930897 
930898 
930899 
930900 
930901 
930902 
930903 
930904 
930905 
930906 
930907 
930908 
930909 
930910 
930911 
930912 
930913 
930914 
930915 
930916 
930917 
930918 
930919 
930920 
930921 
930922 
930923 
930924 
930925 
930926 
930927 
930928 
930929 
930930 
930931 
930932 
930933 
930934 
930935 
930936 
930937 
930938 
930939 
930940 
930941 
930942 
930943 
930944 
930945 
930946 
930947 
930948 
930949 
930950 
930951 
930952 
930953 
930954 
930955 
930956 
930957 
930958 
930959 
930960 
930961 
930962 
930963 
930964 
930965 
930966 
930967 
930968 
930969 
930970 
930971 
930972 
930973 
930974 
930975 
930976 
930977 
930978 
930979 
930980 
930981 
930982 
930983 
930984 
930985 
930986 
930987 
930988 
930989 
930990 
930991 
930992 
930993 
930994 
930995 
930996 
930997 
930998 
930999 
931000 
931001 
931002 
931003 
931004 
931005 
931006 
931007 
931008 
931009 
931010 
931011 
931012 
931013 
931014 
931015 
931016 
931017 
931018 
931019 
931020 
931021 
931022 
931023 
931024 
931025 
931026 
931027 
931028 
931029 
931030 
931031 
931032 
931033 
931034 
931035 
931036 
931037 
931038 
931039 
931040 
931041 
931042 
931043 
931044 
931045 
931046 
931047 
931048 
931049 
931050 
931051 
931052 
931053 
931054 
931055 
931056 
931057 
931058 
931059 
931060 
931061 
931062 
931063 
931064 
931065 
931066 
931067 
931068 
931069 
931070 
931071 
931072 
931073 
931074 
931075 
931076 
931077 
931078 
931079 
931080 
931081 
931082 
931083 
931084 
931085 
931086 
931087 
931088 
931089 
931090 
931091 
931092 
931093 
931094 
931095 
931096 
931097 
931098 
931099 
931100 
931101 
931102 
931103 
931104 
931105 
931106 
931107 
931108 
931109 
931110 
931111 
931112 
931113 
931114 
931115 
931116 
931117 
931118 
931119 
931120 
931121 
931122 
931123 
931124 
931125 
931126 
931127 
931128 
931129 
931130 
931131 
931132 
931133 
931134 
931135 
931136 
931137 
931138 
931139 
931140 
931141 
931142 
931143 
931144 
931145 
931146 
931147 
931148 
931149 
931150 
931151 
931152 
931153 
931154 
931155 
931156 
931157 
931158 
931159 
931160 
931161 
931162 
931163 
931164 
931165 
931166 
931167 
931168 
931169 
931170 
931171 
931172 
931173 
931174 
931175 
931176 
931177 
931178 
931179 
931180 
931181 
931182 
931183 
931184 
931185 
931186 
931187 
931188 
931189 
931190 
931191 
931192 
931193 
931194 
931195 
931196 
931197 
931198 
931199 
931200 
931201 
931202 
931203 
931204 
931205 
931206 
931207 
931208 
931209 
931210 
931211 
931212 
931213 
931214 
931215 
931216 
931217 
931218 
931219 
931220 
931221 
931222 
931223 
931224 
931225 
931226 
931227 
931228 
931229 
931230 
931231 
931232 
931233 
931234 
931235 
931236 
931237 
931238 
931239 
931240 
931241 
931242 
931243 
931244 
931245 
931246 
931247 
931248 
931249 
931250 
931251 
931252 
931253 
931254 
931255 
931256 
931257 
931258 
931259 
931260 
931261 
931262 
931263 
931264 
931265 
931266 
931267 
931268 
931269 
931270 
931271 
931272 
931273 
931274 
931275 
931276 
931277 
931278 
931279 
931280 
931281 
931282 
931283 
931284 
931285 
931286 
931287 
931288 
931289 
931290 
931291 
931292 
931293 
931294 
931295 
931296 
931297 
931298 
931299 
931300 
931301 
931302 
931303 
931304 
931305 
931306 
931307 
931308 
931309 
931310 
931311 
931312 
931313 
931314 
931315 
931316 
931317 
931318 
931319 
931320 
931321 
931322 
931323 
931324 
931325 
931326 
931327 
931328 
931329 
931330 
931331 
931332 
931333 
931334 
931335 
931336 
931337 
931338 
931339 
931340 
931341 
931342 
931343 
931344 
931345 
931346 
931347 
931348 
931349 
931350 
931351 
931352 
931353 
931354 
931355 
931356 
931357 
931358 
931359 
931360 
931361 
931362 
931363 
931364 
931365 
931366 
931367 
931368 
931369 
931370 
931371 
931372 
931373 
931374 
931375 
931376 
931377 
931378 
931379 
931380 
931381 
931382 
931383 
931384 
931385 
931386 
931387 
931388 
931389 
931390 
931391 
931392 
931393 
931394 
931395 
931396 
931397 
931398 
931399 
931400 
931401 
931402 
931403 
931404 
931405 
931406 
931407 
931408 
931409 
931410 
931411 
931412 
931413 
931414 
931415 
931416 
931417 
931418 
931419 
931420 
931421 
931422 
931423 
931424 
931425 
931426 
931427 
931428 
931429 
931430 
931431 
931432 
931433 
931434 
931435 
931436 
931437 
931438 
931439 
931440 
931441 
931442 
931443 
931444 
931445 
931446 
931447 
931448 
931449 
931450 
931451 
931452 
931453 
931454 
931455 
931456 
931457 
931458 
931459 
931460 
931461 
931462 
931463 
931464 
931465 
931466 
931467 
931468 
931469 
931470 
931471 
931472 
931473 
931474 
931475 
931476 
931477 
931478 
931479 
931480 
931481 
931482 
931483 
931484 
931485 
931486 
931487 
931488 
931489 
931490 
931491 
931492 
931493 
931494 
931495 
931496 
931497 
931498 
931499 
931500 
931501 
931502 
931503 
931504 
931505 
931506 
931507 
931508 
931509 
931510 
931511 
931512 
931513 
931514 
931515 
931516 
931517 
931518 
931519 
931520 
931521 
931522 
931523 
931524 
931525 
931526 
931527 
931528 
931529 
931530 
931531 
931532 
931533 
931534 
931535 
931536 
931537 
931538 
931539 
931540 
931541 
931542 
931543 
931544 
931545 
931546 
931547 
931548 
931549 
931550 
931551 
931552 
931553 
931554 
931555 
931556 
931557 
931558 
931559 
931560 
931561 
931562 
931563 
931564 
931565 
931566 
931567 
931568 
931569 
931570 
931571 
931572 
931573 
931574 
931575 
931576 
931577 
931578 
931579 
931580 
931581 
931582 
931583 
931584 
931585 
931586 
931587 
931588 
931589 
931590 
931591 
931592 
931593 
931594 
931595 
931596 
931597 
931598 
931599 
931600 
931601 
931602 
931603 
931604 
931605 
931606 
931607 
931608 
931609 
931610 
931611 
931612 
931613 
931614 
931615 
931616 
931617 
931618 
931619 
931620 
931621 
931622 
931623 
931624 
931625 
931626 
931627 
931628 
931629 
931630 
931631 
931632 
931633 
931634 
931635 
931636 
931637 
931638 
931639 
931640 
931641 
931642 
931643 
931644 
931645 
931646 
931647 
931648 
931649 
931650 
931651 
931652 
931653 
931654 
931655 
931656 
931657 
931658 
931659 
931660 
931661 
931662 
931663 
931664 
931665 
931666 
931667 
931668 
931669 
931670 
931671 
931672 
931673 
931674 
931675 
931676 
931677 
931678 
931679 
931680 
931681 
931682 
931683 
931684 
931685 
931686 
931687 
931688 
931689 
931690 
931691 
931692 
931693 
931694 
931695 
931696 
931697 
931698 
931699 
931700 
931701 
931702 
931703 
931704 
931705 
931706 
931707 
931708 
931709 
931710 
931711 
931712 
931713 
931714 
931715 
931716 
931717 
931718 
931719 
931720 
931721 
931722 
931723 
931724 
931725 
931726 
931727 
931728 
931729 
931730 
931731 
931732 
931733 
931734 
931735 
931736 
931737 
931738 
931739 
931740 
931741 
931742 
931743 
931744 
931745 
931746 
931747 
931748 
931749 
931750 
931751 
931752 
931753 
931754 
931755 
931756 
931757 
931758 
931759 
931760 
931761 
931762 
931763 
931764 
931765 
931766 
931767 
931768 
931769 
931770 
931771 
931772 
931773 
931774 
931775 
931776 
931777 
931778 
931779 
931780 
931781 
931782 
931783 
931784 
931785 
931786 
931787 
931788 
931789 
931790 
931791 
931792 
931793 
931794 
931795 
931796 
931797 
931798 
931799 
931800 
931801 
931802 
931803 
931804 
931805 
931806 
931807 
931808 
931809 
931810 
931811 
931812 
931813 
931814 
931815 
931816 
931817 
931818 
931819 
931820 
931821 
931822 
931823 
931824 
931825 
931826 
931827 
931828 
931829 
931830 
931831 
931832 
931833 
931834 
931835 
931836 
931837 
931838 
931839 
931840 
931841 
931842 
931843 
931844 
931845 
931846 
931847 
931848 
931849 
931850 
931851 
931852 
931853 
931854 
931855 
931856 
931857 
931858 
931859 
931860 
931861 
931862 
931863 
931864 
931865 
931866 
931867 
931868 
931869 
931870 
931871 
931872 
931873 
931874 
931875 
931876 
931877 
931878 
931879 
931880 
931881 
931882 
931883 
931884 
931885 
931886 
931887 
931888 
931889 
931890 
931891 
931892 
931893 
931894 
931895 
931896 
931897 
931898 
931899 
931900 
931901 
931902 
931903 
931904 
931905 
931906 
931907 
931908 
931909 
931910 
931911 
931912 
931913 
931914 
931915 
931916 
931917 
931918 
931919 
931920 
931921 
931922 
931923 
931924 
931925 
931926 
931927 
931928 
931929 
931930 
931931 
931932 
931933 
931934 
931935 
931936 
931937 
931938 
931939 
931940 
931941 
931942 
931943 
931944 
931945 
931946 
931947 
931948 
931949 
931950 
931951 
931952 
931953 
931954 
931955 
931956 
931957 
931958 
931959 
931960 
931961 
931962 
931963 
931964 
931965 
931966 
931967 
931968 
931969 
931970 
931971 
931972 
931973 
931974 
931975 
931976 
931977 
931978 
931979 
931980 
931981 
931982 
931983 
931984 
931985 
931986 
931987 
931988 
931989 
931990 
931991 
931992 
931993 
931994 
931995 
931996 
931997 
931998 
931999 
932000 
932001 
932002 
932003 
932004 
932005 
932006 
932007 
932008 
932009 
932010 
932011 
932012 
932013 
932014 
932015 
932016 
932017 
932018 
932019 
932020 
932021 
932022 
932023 
932024 
932025 
932026 
932027 
932028 
932029 
932030 
932031 
932032 
932033 
932034 
932035 
932036 
932037 
932038 
932039 
932040 
932041 
932042 
932043 
932044 
932045 
932046 
932047 
932048 
932049 
932050 
932051 
932052 
932053 
932054 
932055 
932056 
932057 
932058 
932059 
932060 
932061 
932062 
932063 
932064 
932065 
932066 
932067 
932068 
932069 
932070 
932071 
932072 
932073 
932074 
932075 
932076 
932077 
932078 
932079 
932080 
932081 
932082 
932083 
932084 
932085 
932086 
932087 
932088 
932089 
932090 
932091 
932092 
932093 
932094 
932095 
932096 
932097 
932098 
932099 
932100 
932101 
932102 
932103 
932104 
932105 
932106 
932107 
932108 
932109 
932110 
932111 
932112 
932113 
932114 
932115 
932116 
932117 
932118 
932119 
932120 
932121 
932122 
932123 
932124 
932125 
932126 
932127 
932128 
932129 
932130 
932131 
932132 
932133 
932134 
932135 
932136 
932137 
932138 
932139 
932140 
932141 
932142 
932143 
932144 
932145 
932146 
932147 
932148 
932149 
932150 
932151 
932152 
932153 
932154 
932155 
932156 
932157 
932158 
932159 
932160 
932161 
932162 
932163 
932164 
932165 
932166 
932167 
932168 
932169 
932170 
932171 
932172 
932173 
932174 
932175 
932176 
932177 
932178 
932179 
932180 
932181 
932182 
932183 
932184 
932185 
932186 
932187 
932188 
932189 
932190 
932191 
932192 
932193 
932194 
932195 
932196 
932197 
932198 
932199 
932200 
932201 
932202 
932203 
932204 
932205 
932206 
932207 
932208 
932209 
932210 
932211 
932212 
932213 
932214 
932215 
932216 
932217 
932218 
932219 
932220 
932221 
932222 
932223 
932224 
932225 
932226 
932227 
932228 
932229 
932230 
932231 
932232 
932233 
932234 
932235 
932236 
932237 
932238 
932239 
932240 
932241 
932242 
932243 
932244 
932245 
932246 
932247 
932248 
932249 
932250 
932251 
932252 
932253 
932254 
932255 
932256 
932257 
932258 
932259 
932260 
932261 
932262 
932263 
932264 
932265 
932266 
932267 
932268 
932269 
932270 
932271 
932272 
932273 
932274 
932275 
932276 
932277 
932278 
932279 
932280 
932281 
932282 
932283 
932284 
932285 
932286 
932287 
932288 
932289 
932290 
932291 
932292 
932293 
932294 
932295 
932296 
932297 
932298 
932299 
932300 
932301 
932302 
932303 
932304 
932305 
932306 
932307 
932308 
932309 
932310 
932311 
932312 
932313 
932314 
932315 
932316 
932317 
932318 
932319 
932320 
932321 
932322 
932323 
932324 
932325 
932326 
932327 
932328 
932329 
932330 
932331 
932332 
932333 
932334 
932335 
932336 
932337 
932338 
932339 
932340 
932341 
932342 
932343 
932344 
932345 
932346 
932347 
932348 
932349 
932350 
932351 
932352 
932353 
932354 
932355 
932356 
932357 
932358 
932359 
932360 
932361 
932362 
932363 
932364 
932365 
932366 
932367 
932368 
932369 
932370 
932371 
932372 
932373 
932374 
932375 
932376 
932377 
932378 
932379 
932380 
932381 
932382 
932383 
932384 
932385 
932386 
932387 
932388 
932389 
932390 
932391 
932392 
932393 
932394 
932395 
932396 
932397 
932398 
932399 
932400 
932401 
932402 
932403 
932404 
932405 
932406 
932407 
932408 
932409 
932410 
932411 
932412 
932413 
932414 
932415 
932416 
932417 
932418 
932419 
932420 
932421 
932422 
932423 
932424 
932425 
932426 
932427 
932428 
932429 
932430 
932431 
932432 
932433 
932434 
932435 
932436 
932437 
932438 
932439 
932440 
932441 
932442 
932443 
932444 
932445 
932446 
932447 
932448 
932449 
932450 
932451 
932452 
932453 
932454 
932455 
932456 
932457 
932458 
932459 
932460 
932461 
932462 
932463 
932464 
932465 
932466 
932467 
932468 
932469 
932470 
932471 
932472 
932473 
932474 
932475 
932476 
932477 
932478 
932479 
932480 
932481 
932482 
932483 
932484 
932485 
932486 
932487 
932488 
932489 
932490 
932491 
932492 
932493 
932494 
932495 
932496 
932497 
932498 
932499 
932500 
932501 
932502 
932503 
932504 
932505 
932506 
932507 
932508 
932509 
932510 
932511 
932512 
932513 
932514 
932515 
932516 
932517 
932518 
932519 
932520 
932521 
932522 
932523 
932524 
932525 
932526 
932527 
932528 
932529 
932530 
932531 
932532 
932533 
932534 
932535 
932536 
932537 
932538 
932539 
932540 
932541 
932542 
932543 
932544 
932545 
932546 
932547 
932548 
932549 
932550 
932551 
932552 
932553 
932554 
932555 
932556 
932557 
932558 
932559 
932560 
932561 
932562 
932563 
932564 
932565 
932566 
932567 
932568 
932569 
932570 
932571 
932572 
932573 
932574 
932575 
932576 
932577 
932578 
932579 
932580 
932581 
932582 
932583 
932584 
932585 
932586 
932587 
932588 
932589 
932590 
932591 
932592 
932593 
932594 
932595 
932596 
932597 
932598 
932599 
932600 
932601 
932602 
932603 
932604 
932605 
932606 
932607 
932608 
932609 
932610 
932611 
932612 
932613 
932614 
932615 
932616 
932617 
932618 
932619 
932620 
932621 
932622 
932623 
932624 
932625 
932626 
932627 
932628 
932629 
932630 
932631 
932632 
932633 
932634 
932635 
932636 
932637 
932638 
932639 
932640 
932641 
932642 
932643 
932644 
932645 
932646 
932647 
932648 
932649 
932650 
932651 
932652 
932653 
932654 
932655 
932656 
932657 
932658 
932659 
932660 
932661 
932662 
932663 
932664 
932665 
932666 
932667 
932668 
932669 
932670 
932671 
932672 
932673 
932674 
932675 
932676 
932677 
932678 
932679 
932680 
932681 
932682 
932683 
932684 
932685 
932686 
932687 
932688 
932689 
932690 
932691 
932692 
932693 
932694 
932695 
932696 
932697 
932698 
932699 
932700 
932701 
932702 
932703 
932704 
932705 
932706 
932707 
932708 
932709 
932710 
932711 
932712 
932713 
932714 
932715 
932716 
932717 
932718 
932719 
932720 
932721 
932722 
932723 
932724 
932725 
932726 
932727 
932728 
932729 
932730 
932731 
932732 
932733 
932734 
932735 
932736 
932737 
932738 
932739 
932740 
932741 
932742 
932743 
932744 
932745 
932746 
932747 
932748 
932749 
932750 
932751 
932752 
932753 
932754 
932755 
932756 
932757 
932758 
932759 
932760 
932761 
932762 
932763 
932764 
932765 
932766 
932767 
932768 
932769 
932770 
932771 
932772 
932773 
932774 
932775 
932776 
932777 
932778 
932779 
932780 
932781 
932782 
932783 
932784 
932785 
932786 
932787 
932788 
932789 
932790 
932791 
932792 
932793 
932794 
932795 
932796 
932797 
932798 
932799 
932800 
932801 
932802 
932803 
932804 
932805 
932806 
932807 
932808 
932809 
932810 
932811 
932812 
932813 
932814 
932815 
932816 
932817 
932818 
932819 
932820 
932821 
932822 
932823 
932824 
932825 
932826 
932827 
932828 
932829 
932830 
932831 
932832 
932833 
932834 
932835 
932836 
932837 
932838 
932839 
932840 
932841 
932842 
932843 
932844 
932845 
932846 
932847 
932848 
932849 
932850 
932851 
932852 
932853 
932854 
932855 
932856 
932857 
932858 
932859 
932860 
932861 
932862 
932863 
932864 
932865 
932866 
932867 
932868 
932869 
932870 
932871 
932872 
932873 
932874 
932875 
932876 
932877 
932878 
932879 
932880 
932881 
932882 
932883 
932884 
932885 
932886 
932887 
932888 
932889 
932890 
932891 
932892 
932893 
932894 
932895 
932896 
932897 
932898 
932899 
932900 
932901 
932902 
932903 
932904 
932905 
932906 
932907 
932908 
932909 
932910 
932911 
932912 
932913 
932914 
932915 
932916 
932917 
932918 
932919 
932920 
932921 
932922 
932923 
932924 
932925 
932926 
932927 
932928 
932929 
932930 
932931 
932932 
932933 
932934 
932935 
932936 
932937 
932938 
932939 
932940 
932941 
932942 
932943 
932944 
932945 
932946 
932947 
932948 
932949 
932950 
932951 
932952 
932953 
932954 
932955 
932956 
932957 
932958 
932959 
932960 
932961 
932962 
932963 
932964 
932965 
932966 
932967 
932968 
932969 
932970 
932971 
932972 
932973 
932974 
932975 
932976 
932977 
932978 
932979 
932980 
932981 
932982 
932983 
932984 
932985 
932986 
932987 
932988 
932989 
932990 
932991 
932992 
932993 
932994 
932995 
932996 
932997 
932998 
932999 
933000 
933001 
933002 
933003 
933004 
933005 
933006 
933007 
933008 
933009 
933010 
933011 
933012 
933013 
933014 
933015 
933016 
933017 
933018 
933019 
933020 
933021 
933022 
933023 
933024 
933025 
933026 
933027 
933028 
933029 
933030 
933031 
933032 
933033 
933034 
933035 
933036 
933037 
933038 
933039 
933040 
933041 
933042 
933043 
933044 
933045 
933046 
933047 
933048 
933049 
933050 
933051 
933052 
933053 
933054 
933055 
933056 
933057 
933058 
933059 
933060 
933061 
933062 
933063 
933064 
933065 
933066 
933067 
933068 
933069 
933070 
933071 
933072 
933073 
933074 
933075 
933076 
933077 
933078 
933079 
933080 
933081 
933082 
933083 
933084 
933085 
933086 
933087 
933088 
933089 
933090 
933091 
933092 
933093 
933094 
933095 
933096 
933097 
933098 
933099 
933100 
933101 
933102 
933103 
933104 
933105 
933106 
933107 
933108 
933109 
933110 
933111 
933112 
933113 
933114 
933115 
933116 
933117 
933118 
933119 
933120 
933121 
933122 
933123 
933124 
933125 
933126 
933127 
933128 
933129 
933130 
933131 
933132 
933133 
933134 
933135 
933136 
933137 
933138 
933139 
933140 
933141 
933142 
933143 
933144 
933145 
933146 
933147 
933148 
933149 
933150 
933151 
933152 
933153 
933154 
933155 
933156 
933157 
933158 
933159 
933160 
933161 
933162 
933163 
933164 
933165 
933166 
933167 
933168 
933169 
933170 
933171 
933172 
933173 
933174 
933175 
933176 
933177 
933178 
933179 
933180 
933181 
933182 
933183 
933184 
933185 
933186 
933187 
933188 
933189 
933190 
933191 
933192 
933193 
933194 
933195 
933196 
933197 
933198 
933199 
933200 
933201 
933202 
933203 
933204 
933205 
933206 
933207 
933208 
933209 
933210 
933211 
933212 
933213 
933214 
933215 
933216 
933217 
933218 
933219 
933220 
933221 
933222 
933223 
933224 
933225 
933226 
933227 
933228 
933229 
933230 
933231 
933232 
933233 
933234 
933235 
933236 
933237 
933238 
933239 
933240 
933241 
933242 
933243 
933244 
933245 
933246 
933247 
933248 
933249 
933250 
933251 
933252 
933253 
933254 
933255 
933256 
933257 
933258 
933259 
933260 
933261 
933262 
933263 
933264 
933265 
933266 
933267 
933268 
933269 
933270 
933271 
933272 
933273 
933274 
933275 
933276 
933277 
933278 
933279 
933280 
933281 
933282 
933283 
933284 
933285 
933286 
933287 
933288 
933289 
933290 
933291 
933292 
933293 
933294 
933295 
933296 
933297 
933298 
933299 
933300 
933301 
933302 
933303 
933304 
933305 
933306 
933307 
933308 
933309 
933310 
933311 
933312 
933313 
933314 
933315 
933316 
933317 
933318 
933319 
933320 
933321 
933322 
933323 
933324 
933325 
933326 
933327 
933328 
933329 
933330 
933331 
933332 
933333 
933334 
933335 
933336 
933337 
933338 
933339 
933340 
933341 
933342 
933343 
933344 
933345 
933346 
933347 
933348 
933349 
933350 
933351 
933352 
933353 
933354 
933355 
933356 
933357 
933358 
933359 
933360 
933361 
933362 
933363 
933364 
933365 
933366 
933367 
933368 
933369 
933370 
933371 
933372 
933373 
933374 
933375 
933376 
933377 
933378 
933379 
933380 
933381 
933382 
933383 
933384 
933385 
933386 
933387 
933388 
933389 
933390 
933391 
933392 
933393 
933394 
933395 
933396 
933397 
933398 
933399 
933400 
933401 
933402 
933403 
933404 
933405 
933406 
933407 
933408 
933409 
933410 
933411 
933412 
933413 
933414 
933415 
933416 
933417 
933418 
933419 
933420 
933421 
933422 
933423 
933424 
933425 
933426 
933427 
933428 
933429 
933430 
933431 
933432 
933433 
933434 
933435 
933436 
933437 
933438 
933439 
933440 
933441 
933442 
933443 
933444 
933445 
933446 
933447 
933448 
933449 
933450 
933451 
933452 
933453 
933454 
933455 
933456 
933457 
933458 
933459 
933460 
933461 
933462 
933463 
933464 
933465 
933466 
933467 
933468 
933469 
933470 
933471 
933472 
933473 
933474 
933475 
933476 
933477 
933478 
933479 
933480 
933481 
933482 
933483 
933484 
933485 
933486 
933487 
933488 
933489 
933490 
933491 
933492 
933493 
933494 
933495 
933496 
933497 
933498 
933499 
933500 
933501 
933502 
933503 
933504 
933505 
933506 
933507 
933508 
933509 
933510 
933511 
933512 
933513 
933514 
933515 
933516 
933517 
933518 
933519 
933520 
933521 
933522 
933523 
933524 
933525 
933526 
933527 
933528 
933529 
933530 
933531 
933532 
933533 
933534 
933535 
933536 
933537 
933538 
933539 
933540 
933541 
933542 
933543 
933544 
933545 
933546 
933547 
933548 
933549 
933550 
933551 
933552 
933553 
933554 
933555 
933556 
933557 
933558 
933559 
933560 
933561 
933562 
933563 
933564 
933565 
933566 
933567 
933568 
933569 
933570 
933571 
933572 
933573 
933574 
933575 
933576 
933577 
933578 
933579 
933580 
933581 
933582 
933583 
933584 
933585 
933586 
933587 
933588 
933589 
933590 
933591 
933592 
933593 
933594 
933595 
933596 
933597 
933598 
933599 
933600 
933601 
933602 
933603 
933604 
933605 
933606 
933607 
933608 
933609 
933610 
933611 
933612 
933613 
933614 
933615 
933616 
933617 
933618 
933619 
933620 
933621 
933622 
933623 
933624 
933625 
933626 
933627 
933628 
933629 
933630 
933631 
933632 
933633 
933634 
933635 
933636 
933637 
933638 
933639 
933640 
933641 
933642 
933643 
933644 
933645 
933646 
933647 
933648 
933649 
933650 
933651 
933652 
933653 
933654 
933655 
933656 
933657 
933658 
933659 
933660 
933661 
933662 
933663 
933664 
933665 
933666 
933667 
933668 
933669 
933670 
933671 
933672 
933673 
933674 
933675 
933676 
933677 
933678 
933679 
933680 
933681 
933682 
933683 
933684 
933685 
933686 
933687 
933688 
933689 
933690 
933691 
933692 
933693 
933694 
933695 
933696 
933697 
933698 
933699 
933700 
933701 
933702 
933703 
933704 
933705 
933706 
933707 
933708 
933709 
933710 
933711 
933712 
933713 
933714 
933715 
933716 
933717 
933718 
933719 
933720 
933721 
933722 
933723 
933724 
933725 
933726 
933727 
933728 
933729 
933730 
933731 
933732 
933733 
933734 
933735 
933736 
933737 
933738 
933739 
933740 
933741 
933742 
933743 
933744 
933745 
933746 
933747 
933748 
933749 
933750 
933751 
933752 
933753 
933754 
933755 
933756 
933757 
933758 
933759 
933760 
933761 
933762 
933763 
933764 
933765 
933766 
933767 
933768 
933769 
933770 
933771 
933772 
933773 
933774 
933775 
933776 
933777 
933778 
933779 
933780 
933781 
933782 
933783 
933784 
933785 
933786 
933787 
933788 
933789 
933790 
933791 
933792 
933793 
933794 
933795 
933796 
933797 
933798 
933799 
933800 
933801 
933802 
933803 
933804 
933805 
933806 
933807 
933808 
933809 
933810 
933811 
933812 
933813 
933814 
933815 
933816 
933817 
933818 
933819 
933820 
933821 
933822 
933823 
933824 
933825 
933826 
933827 
933828 
933829 
933830 
933831 
933832 
933833 
933834 
933835 
933836 
933837 
933838 
933839 
933840 
933841 
933842 
933843 
933844 
933845 
933846 
933847 
933848 
933849 
933850 
933851 
933852 
933853 
933854 
933855 
933856 
933857 
933858 
933859 
933860 
933861 
933862 
933863 
933864 
933865 
933866 
933867 
933868 
933869 
933870 
933871 
933872 
933873 
933874 
933875 
933876 
933877 
933878 
933879 
933880 
933881 
933882 
933883 
933884 
933885 
933886 
933887 
933888 
933889 
933890 
933891 
933892 
933893 
933894 
933895 
933896 
933897 
933898 
933899 
933900 
933901 
933902 
933903 
933904 
933905 
933906 
933907 
933908 
933909 
933910 
933911 
933912 
933913 
933914 
933915 
933916 
933917 
933918 
933919 
933920 
933921 
933922 
933923 
933924 
933925 
933926 
933927 
933928 
933929 
933930 
933931 
933932 
933933 
933934 
933935 
933936 
933937 
933938 
933939 
933940 
933941 
933942 
933943 
933944 
933945 
933946 
933947 
933948 
933949 
933950 
933951 
933952 
933953 
933954 
933955 
933956 
933957 
933958 
933959 
933960 
933961 
933962 
933963 
933964 
933965 
933966 
933967 
933968 
933969 
933970 
933971 
933972 
933973 
933974 
933975 
933976 
933977 
933978 
933979 
933980 
933981 
933982 
933983 
933984 
933985 
933986 
933987 
933988 
933989 
933990 
933991 
933992 
933993 
933994 
933995 
933996 
933997 
933998 
933999 
934000 
934001 
934002 
934003 
934004 
934005 
934006 
934007 
934008 
934009 
934010 
934011 
934012 
934013 
934014 
934015 
934016 
934017 
934018 
934019 
934020 
934021 
934022 
934023 
934024 
934025 
934026 
934027 
934028 
934029 
934030 
934031 
934032 
934033 
934034 
934035 
934036 
934037 
934038 
934039 
934040 
934041 
934042 
934043 
934044 
934045 
934046 
934047 
934048 
934049 
934050 
934051 
934052 
934053 
934054 
934055 
934056 
934057 
934058 
934059 
934060 
934061 
934062 
934063 
934064 
934065 
934066 
934067 
934068 
934069 
934070 
934071 
934072 
934073 
934074 
934075 
934076 
934077 
934078 
934079 
934080 
934081 
934082 
934083 
934084 
934085 
934086 
934087 
934088 
934089 
934090 
934091 
934092 
934093 
934094 
934095 
934096 
934097 
934098 
934099 
934100 
934101 
934102 
934103 
934104 
934105 
934106 
934107 
934108 
934109 
934110 
934111 
934112 
934113 
934114 
934115 
934116 
934117 
934118 
934119 
934120 
934121 
934122 
934123 
934124 
934125 
934126 
934127 
934128 
934129 
934130 
934131 
934132 
934133 
934134 
934135 
934136 
934137 
934138 
934139 
934140 
934141 
934142 
934143 
934144 
934145 
934146 
934147 
934148 
934149 
934150 
934151 
934152 
934153 
934154 
934155 
934156 
934157 
934158 
934159 
934160 
934161 
934162 
934163 
934164 
934165 
934166 
934167 
934168 
934169 
934170 
934171 
934172 
934173 
934174 
934175 
934176 
934177 
934178 
934179 
934180 
934181 
934182 
934183 
934184 
934185 
934186 
934187 
934188 
934189 
934190 
934191 
934192 
934193 
934194 
934195 
934196 
934197 
934198 
934199 
934200 
934201 
934202 
934203 
934204 
934205 
934206 
934207 
934208 
934209 
934210 
934211 
934212 
934213 
934214 
934215 
934216 
934217 
934218 
934219 
934220 
934221 
934222 
934223 
934224 
934225 
934226 
934227 
934228 
934229 
934230 
934231 
934232 
934233 
934234 
934235 
934236 
934237 
934238 
934239 
934240 
934241 
934242 
934243 
934244 
934245 
934246 
934247 
934248 
934249 
934250 
934251 
934252 
934253 
934254 
934255 
934256 
934257 
934258 
934259 
934260 
934261 
934262 
934263 
934264 
934265 
934266 
934267 
934268 
934269 
934270 
934271 
934272 
934273 
934274 
934275 
934276 
934277 
934278 
934279 
934280 
934281 
934282 
934283 
934284 
934285 
934286 
934287 
934288 
934289 
934290 
934291 
934292 
934293 
934294 
934295 
934296 
934297 
934298 
934299 
934300 
934301 
934302 
934303 
934304 
934305 
934306 
934307 
934308 
934309 
934310 
934311 
934312 
934313 
934314 
934315 
934316 
934317 
934318 
934319 
934320 
934321 
934322 
934323 
934324 
934325 
934326 
934327 
934328 
934329 
934330 
934331 
934332 
934333 
934334 
934335 
934336 
934337 
934338 
934339 
934340 
934341 
934342 
934343 
934344 
934345 
934346 
934347 
934348 
934349 
934350 
934351 
934352 
934353 
934354 
934355 
934356 
934357 
934358 
934359 
934360 
934361 
934362 
934363 
934364 
934365 
934366 
934367 
934368 
934369 
934370 
934371 
934372 
934373 
934374 
934375 
934376 
934377 
934378 
934379 
934380 
934381 
934382 
934383 
934384 
934385 
934386 
934387 
934388 
934389 
934390 
934391 
934392 
934393 
934394 
934395 
934396 
934397 
934398 
934399 
934400 
934401 
934402 
934403 
934404 
934405 
934406 
934407 
934408 
934409 
934410 
934411 
934412 
934413 
934414 
934415 
934416 
934417 
934418 
934419 
934420 
934421 
934422 
934423 
934424 
934425 
934426 
934427 
934428 
934429 
934430 
934431 
934432 
934433 
934434 
934435 
934436 
934437 
934438 
934439 
934440 
934441 
934442 
934443 
934444 
934445 
934446 
934447 
934448 
934449 
934450 
934451 
934452 
934453 
934454 
934455 
934456 
934457 
934458 
934459 
934460 
934461 
934462 
934463 
934464 
934465 
934466 
934467 
934468 
934469 
934470 
934471 
934472 
934473 
934474 
934475 
934476 
934477 
934478 
934479 
934480 
934481 
934482 
934483 
934484 
934485 
934486 
934487 
934488 
934489 
934490 
934491 
934492 
934493 
934494 
934495 
934496 
934497 
934498 
934499 
934500 
934501 
934502 
934503 
934504 
934505 
934506 
934507 
934508 
934509 
934510 
934511 
934512 
934513 
934514 
934515 
934516 
934517 
934518 
934519 
934520 
934521 
934522 
934523 
934524 
934525 
934526 
934527 
934528 
934529 
934530 
934531 
934532 
934533 
934534 
934535 
934536 
934537 
934538 
934539 
934540 
934541 
934542 
934543 
934544 
934545 
934546 
934547 
934548 
934549 
934550 
934551 
934552 
934553 
934554 
934555 
934556 
934557 
934558 
934559 
934560 
934561 
934562 
934563 
934564 
934565 
934566 
934567 
934568 
934569 
934570 
934571 
934572 
934573 
934574 
934575 
934576 
934577 
934578 
934579 
934580 
934581 
934582 
934583 
934584 
934585 
934586 
934587 
934588 
934589 
934590 
934591 
934592 
934593 
934594 
934595 
934596 
934597 
934598 
934599 
934600 
934601 
934602 
934603 
934604 
934605 
934606 
934607 
934608 
934609 
934610 
934611 
934612 
934613 
934614 
934615 
934616 
934617 
934618 
934619 
934620 
934621 
934622 
934623 
934624 
934625 
934626 
934627 
934628 
934629 
934630 
934631 
934632 
934633 
934634 
934635 
934636 
934637 
934638 
934639 
934640 
934641 
934642 
934643 
934644 
934645 
934646 
934647 
934648 
934649 
934650 
934651 
934652 
934653 
934654 
934655 
934656 
934657 
934658 
934659 
934660 
934661 
934662 
934663 
934664 
934665 
934666 
934667 
934668 
934669 
934670 
934671 
934672 
934673 
934674 
934675 
934676 
934677 
934678 
934679 
934680 
934681 
934682 
934683 
934684 
934685 
934686 
934687 
934688 
934689 
934690 
934691 
934692 
934693 
934694 
934695 
934696 
934697 
934698 
934699 
934700 
934701 
934702 
934703 
934704 
934705 
934706 
934707 
934708 
934709 
934710 
934711 
934712 
934713 
934714 
934715 
934716 
934717 
934718 
934719 
934720 
934721 
934722 
934723 
934724 
934725 
934726 
934727 
934728 
934729 
934730 
934731 
934732 
934733 
934734 
934735 
934736 
934737 
934738 
934739 
934740 
934741 
934742 
934743 
934744 
934745 
934746 
934747 
934748 
934749 
934750 
934751 
934752 
934753 
934754 
934755 
934756 
934757 
934758 
934759 
934760 
934761 
934762 
934763 
934764 
934765 
934766 
934767 
934768 
934769 
934770 
934771 
934772 
934773 
934774 
934775 
934776 
934777 
934778 
934779 
934780 
934781 
934782 
934783 
934784 
934785 
934786 
934787 
934788 
934789 
934790 
934791 
934792 
934793 
934794 
934795 
934796 
934797 
934798 
934799 
934800 
934801 
934802 
934803 
934804 
934805 
934806 
934807 
934808 
934809 
934810 
934811 
934812 
934813 
934814 
934815 
934816 
934817 
934818 
934819 
934820 
934821 
934822 
934823 
934824 
934825 
934826 
934827 
934828 
934829 
934830 
934831 
934832 
934833 
934834 
934835 
934836 
934837 
934838 
934839 
934840 
934841 
934842 
934843 
934844 
934845 
934846 
934847 
934848 
934849 
934850 
934851 
934852 
934853 
934854 
934855 
934856 
934857 
934858 
934859 
934860 
934861 
934862 
934863 
934864 
934865 
934866 
934867 
934868 
934869 
934870 
934871 
934872 
934873 
934874 
934875 
934876 
934877 
934878 
934879 
934880 
934881 
934882 
934883 
934884 
934885 
934886 
934887 
934888 
934889 
934890 
934891 
934892 
934893 
934894 
934895 
934896 
934897 
934898 
934899 
934900 
934901 
934902 
934903 
934904 
934905 
934906 
934907 
934908 
934909 
934910 
934911 
934912 
934913 
934914 
934915 
934916 
934917 
934918 
934919 
934920 
934921 
934922 
934923 
934924 
)

// ************************************************************************* //
